[       0][       0][       0][       0][       0][       0][       0][       0][       0][       0]
[     100][ 51.3329][ 33.0191][ 25.4394][ 22.5629][ 22.5684][ 25.4539][ 33.0371][ 51.3463][     100]
[     100][ 72.3302][ 55.3311][ 46.2076][ 42.2765][ 42.2861][ 46.2331][ 55.3628][ 72.3539][     100]
[     100][ 82.6839][ 69.8074][ 61.8297][ 58.0961][ 58.1083][ 61.8621][ 69.8475][ 82.7139][     100]
[     100][ 88.6299][ 79.4313][ 73.2617][ 70.2239][  70.237][ 73.2963][ 79.4742][  88.662][     100]
[     100][ 92.4369][ 86.0731][  81.616][ 79.3549][ 79.3672][ 81.6485][ 86.1134][  92.467][     100]
[     100][ 95.0739][   90.85][ 87.8223][ 86.2601][ 86.2703][ 87.8491][ 90.8833][ 95.0988][     100]
[     100][ 97.0317][ 94.4633][ 92.5998][ 91.6296][ 91.6367][ 92.6186][ 94.4865][ 97.0491][     100]
[     100][ 98.6045][ 97.3919][ 96.5071][ 96.0443][ 96.0479][ 96.5164][ 97.4035][ 98.6131][     100]
[     100][     100][     100][     100][     100][     100][     100][     100][     100][     100]
One Processor: 
Threshold Level: 0.01
Final Dynamic Range to Break: 0.00909316
Iteration Count: 51
Ticks: 7020
Seconds: 0.00702s
