One Processor: 
Tolerence Level: 0.1
Final Difference Between Grids: 0.0999044
Iteration Count: 2068
Ticks: 329468
Seconds: 0.329468s
[       0][       0][       0][       0][       0][       0][       0][       0][       0][       0][       0][       0][       0][       0][       0][       0][       0][       0][       0][       0][       0][       0][       0][       0][       0][       0][       0][       0][       0][       0][       0][       0][       0][       0][       0][       0][       0][       0][       0][       0][       0][       0][       0][       0][       0][       0][       0][       0][       0][       0]
[     100][ 50.0455][ 30.3258][ 21.0758][ 16.0327][ 12.9424][ 10.8801][ 9.41651][ 8.33026][ 7.49678][ 6.84098][ 6.31501][ 5.88699][ 5.53491][ 5.24311][  5.0002][ 4.79771][ 4.62929][ 4.49008][ 4.37637][ 4.28532][ 4.21478][ 4.16318][ 4.12937][ 4.11264][ 4.11264][ 4.12938][ 4.16319][ 4.21481][ 4.28535][  4.3764][ 4.49012][ 4.62934][ 4.79776][ 5.00025][ 5.24316][ 5.53497][ 5.88705][ 6.31507][ 6.84104][ 7.49684][ 8.33031][ 9.41656][ 10.8801][ 12.9424][ 16.0327][ 21.0759][ 30.3258][ 50.0455][     100]
[     100][ 69.8561][ 50.1819][ 37.9449][ 30.1124][ 24.8569][ 21.1615][ 18.4557][ 16.4077][ 14.8159][ 13.5522][ 12.5321][ 11.6981][ 11.0095][ 10.4373][ 9.95998][ 9.56139][ 9.22939][ 8.95468][ 8.73009][ 8.55014][ 8.41066][ 8.30857][ 8.24167][ 8.20857][ 8.20858][ 8.24169][ 8.30861][ 8.41071][  8.5502][ 8.73016][ 8.95476][ 9.22948][ 9.56149][ 9.96009][ 10.4375][ 11.0097][ 11.6982][ 12.5322][ 13.5523][  14.816][ 16.4079][ 18.4558][ 21.1616][  24.857][ 30.1125][ 37.9449][  50.182][ 69.8561][     100]
[     100][ 79.1971][ 62.6009][ 50.4094][ 41.6152][ 35.2112][ 30.4532][ 26.8371][ 24.0292][ 21.8069][ 20.0197][ 18.5632][ 17.3636][ 16.3679][ 15.5368][  14.841][ 14.2585][ 13.7722][ 13.3692][ 13.0392][ 12.7745][ 12.5692][ 12.4188][ 12.3202][ 12.2714][ 12.2714][ 12.3203][ 12.4189][ 12.5693][ 12.7746][ 13.0393][ 13.3693][ 13.7724][ 14.2586][ 14.8412][ 15.5369][ 16.3681][ 17.3638][ 18.5633][ 20.0198][ 21.8071][ 24.0293][ 26.8373][ 30.4533][ 35.2114][ 41.6153][ 50.4095][  62.601][ 79.1971][     100]
[     100][ 84.3312][ 70.6154][ 59.4765][ 50.7278][ 43.9197][ 38.6029][ 34.4104][ 31.0649][ 28.3629][ 26.1565][ 24.3373][ 22.8255][ 21.5616][ 20.5009][ 19.6089][ 18.8594][ 18.2319][ 17.7106][ 17.2831][ 16.9396][ 16.6728][ 16.4773][  16.349][ 16.2855][ 16.2855][ 16.3491][ 16.4774][ 16.6729][ 16.9397][ 17.2832][ 17.7108][ 18.2321][ 18.8596][ 19.6091][ 20.5011][ 21.5619][ 22.8257][ 24.3375][ 26.1567][ 28.3632][ 31.0651][ 34.4106][ 38.6031][ 43.9199][ 50.7279][ 59.4766][ 70.6155][ 84.3313][     100]
[     100][ 87.5125][ 76.0529][ 66.1534][ 57.8996][  51.137][ 45.6285][ 41.1368][ 37.4571][ 34.4235][ 31.9061][  29.804][ 28.0395][ 26.5524][ 25.2962][ 24.2343][ 23.3383][ 22.5856][ 21.9584][ 21.4429][  21.028][ 20.7053][ 20.4686][ 20.3131][ 20.2361][ 20.2362][ 20.3132][ 20.4686][ 20.7055][ 21.0281][ 21.4431][ 21.9586][ 22.5858][ 23.3385][ 24.2346][ 25.2964][ 26.5527][ 28.0397][ 29.8043][ 31.9064][ 34.4238][ 37.4573][  41.137][ 45.6287][ 51.1372][ 57.8998][ 66.1535][  76.053][ 87.5126][     100]
[     100][ 89.6659][ 79.9304][ 71.1845][ 63.5804][ 57.1004][ 51.6371][ 47.0511][ 43.2031][ 39.9681][ 37.2404][ 34.9332][  32.976][ 31.3124][ 29.8971][  28.694][ 27.6739][ 26.8137][ 26.0947][ 25.5021][ 25.0243][  24.652][ 24.3785][ 24.1989][ 24.1098][ 24.1099][ 24.1989][ 24.3786][ 24.6522][ 25.0244][ 25.5023][ 26.0949][ 26.8139][ 27.6742][ 28.6943][ 29.8975][ 31.3127][ 32.9763][ 34.9335][ 37.2408][ 39.9684][ 43.2034][ 47.0515][ 51.6374][ 57.1006][ 63.5806][ 71.1847][ 79.9306][  89.666][     100]
[     100][ 91.2206][ 82.8185][ 75.0739][ 68.1371][ 62.0469][ 56.7685][ 52.2277][ 48.3361][ 45.0054][ 42.1544][ 39.7123][  37.619][ 35.8241][ 34.2861][ 32.9707][ 31.8498][ 30.9006][ 30.1046][ 29.4467][  28.915][ 28.5001][ 28.1948][ 27.9941][ 27.8946][ 27.8946][ 27.9942][ 28.1949][ 28.5002][ 28.9152][ 29.4469][ 30.1049][ 30.9009][ 31.8501][  32.971][ 34.2865][ 35.8245][ 37.6194][ 39.7127][ 42.1548][ 45.0058][ 48.3365][  52.228][ 56.7688][ 62.0472][ 68.1373][ 75.0741][ 82.8186][ 91.2207][     100]
[     100][ 92.3982][ 85.0489][ 78.1554][ 71.8471][ 66.1819][ 61.1622][  56.755][ 52.9084][  49.563][ 46.6595][ 44.1428][ 41.9637][ 40.0791][ 38.4525][ 37.0528][  35.854][ 34.8345][ 33.9764][ 33.2652][  32.689][ 32.2385][ 31.9066][ 31.6882][ 31.5798][ 31.5798][ 31.6883][ 31.9068][ 32.2387][ 32.6892][ 33.2655][ 33.9768][ 34.8349][ 35.8544][ 37.0532][  38.453][ 40.0796][ 41.9641][ 44.1433][ 46.6599][ 49.5634][ 52.9088][ 56.7554][ 61.1625][ 66.1822][ 71.8474][ 78.1556][ 85.0491][ 92.3982][     100]
[     100][ 93.3231][ 86.8237][ 80.6518][ 74.9142][ 69.6712][ 64.9434][  60.722][ 56.9795][ 53.6786][ 50.7778][ 48.2359][ 46.0138][ 44.0763][ 42.3921][ 40.9342][ 39.6791][ 38.6071][ 37.7016][ 36.9487][ 36.3374][ 35.8585][ 35.5052][ 35.2724][ 35.1568][ 35.1568][ 35.2724][ 35.5053][ 35.8587][ 36.3376][  36.949][ 37.7019][ 38.6075][ 39.6795][ 40.9347][ 42.3926][ 44.0768][ 46.0143][ 48.2364][ 50.7783][ 53.6791][   56.98][ 60.7224][ 64.9438][ 69.6716][ 74.9145][  80.652][ 86.8238][ 93.3232][     100]
[     100][ 94.0707][ 88.2708][ 82.7139][ 77.4867][ 72.6455][ 68.2182][ 64.2099][ 60.6092][ 57.3943][ 54.5375][ 52.0091][ 49.7793][ 47.8202][ 46.1057][ 44.6128][ 43.3212][ 42.2134][ 41.2741][  40.491][ 39.8534][  39.353][ 38.9833][ 38.7394][ 38.6183][ 38.6183][ 38.7395][ 38.9834][ 39.3532][ 39.8537][ 40.4913][ 41.2745][ 42.2138][ 43.3217][ 44.6133][ 46.1062][ 47.8207][ 49.7799][ 52.0096][  54.538][ 57.3948][ 60.6097][ 64.2104][ 68.2187][ 72.6459][ 77.4871][ 82.7142][  88.271][ 94.0708][     100]
[     100][ 94.6888][ 89.4751][ 84.4464][ 79.6733][ 75.2059][ 71.0741][ 67.2903][ 63.8533][ 60.7518][ 57.9688][ 55.4837][ 53.2745][ 51.3194][ 49.5977][ 48.0902][ 46.7798][  45.651][ 44.6908][ 43.8877][ 43.2323][  42.717][ 42.3357][ 42.0839][ 41.9587][ 41.9588][  42.084][ 42.3358][ 42.7172][ 43.2326][  43.888][ 44.6912][ 45.6515][ 46.7803][ 48.0908][ 49.5983][   51.32][ 53.2751][ 55.4843][ 57.9694][ 60.7524][ 63.8538][ 67.2909][ 71.0746][ 75.2063][ 79.6736][ 84.4467][ 89.4753][ 94.6889][     100]
[     100][ 95.2095][ 90.4942][ 85.9233][ 81.5542][ 77.4308][ 73.5821][ 70.0242][ 66.7617][  63.791][ 61.1024][ 58.6825][ 56.5156][ 54.5854][ 52.8756][ 51.3708][ 50.0567][ 48.9204][ 47.9504][ 47.1368][ 46.4714][ 45.9471][ 45.5586][ 45.3018][ 45.1741][ 45.1742][  45.302][ 45.5588][ 45.9474][ 46.4717][ 47.1372][ 47.9508][ 48.9209][ 50.0572][ 51.3714][ 52.8762][  54.586][ 56.5163][ 58.6832][ 61.1031][ 63.7916][ 66.7623][ 70.0247][ 73.5826][ 77.4312][ 81.5546][ 85.9236][ 90.4945][ 95.2096][     100]
[     100][ 95.6549][ 91.3692][ 87.1982][ 83.1895][ 79.3809][ 75.7995][ 72.4625][ 69.3784][ 66.5482][ 63.9675][ 61.6284][ 59.5202][  57.631][ 55.9486][ 54.4608][  53.156][ 52.0235][ 51.0537][ 50.2381][ 49.5694][ 49.0416][   48.65][ 48.3909][  48.262][  48.262][  48.391][ 48.6502][ 49.0419][ 49.5697][ 50.2385][ 51.0541][  52.024][ 53.1566][ 54.4614][ 55.9493][ 57.6317][ 59.5209][ 61.6291][ 63.9682][ 66.5488][  69.379][ 72.4631][    75.8][ 79.3813][ 83.1899][ 87.1986][ 91.3694][  95.655][     100]
[     100][ 96.0408][ 92.1295][  88.311][ 84.6249][ 81.1037][ 77.7724][ 74.6482][ 71.7413][ 69.0558][ 66.5912][ 64.3434][ 62.3058][ 60.4701][ 58.8272][  57.368][ 56.0831][ 54.9641][ 54.0029][ 53.1925][ 52.5266][ 52.0002][  51.609][   51.35][  51.221][  51.221][ 51.3501][ 51.6092][ 52.0005][  52.527][ 53.1929][ 54.0034][ 54.9646][ 56.0837][ 57.3686][ 58.8279][ 60.4708][ 62.3065][ 64.3442][ 66.5919][ 69.0565][ 71.7419][ 74.6489][  77.773][ 81.1042][ 84.6253][ 88.3113][ 92.1298][  96.041][     100]
[     100][  96.379][ 92.7971][ 89.2914][ 85.8953][ 82.6368][ 79.5384][ 76.6167][ 73.8828][ 71.3426][ 68.9982][ 66.8485][ 64.8896][ 63.1164][ 61.5224][ 60.1008][ 58.8446][  57.747][ 56.8015][ 56.0025][ 55.3446][ 54.8236][  54.436][ 54.1791][ 54.0512][ 54.0512][ 54.1793][ 54.4362][ 54.8239][  55.345][ 56.0029][ 56.8021][ 57.7476][ 58.8452][ 60.1015][ 61.5231][ 63.1171][ 64.8903][ 66.8492][  68.999][ 71.3433][ 73.8835][ 76.6174][  79.539][ 82.6373][ 85.8957][ 89.2918][ 92.7973][ 96.3791][     100]
[     100][  96.678][ 93.3885][ 90.1624][  87.028][ 84.0098][ 81.1278][ 78.3976][ 75.8306][ 73.4337][ 71.2108][ 69.1627][ 67.2879][ 65.5835][ 64.0453][ 62.6684][ 61.4477][ 60.3779][  59.454][ 58.6714][ 58.0259][ 57.5139][ 57.1325][ 56.8796][ 56.7535][ 56.7535][ 56.8797][ 57.1328][ 57.5142][ 58.0263][ 58.6718][ 59.4545][ 60.3785][ 61.4483][ 62.6691][  64.046][ 65.5843][ 67.2887][ 69.1635][ 71.2116][ 73.4345][ 75.8313][ 78.3983][ 81.1284][ 84.0103][ 87.0285][ 90.1628][ 93.3887][ 96.6781][     100]
[     100][ 96.9446][ 93.9164][ 90.9418][ 88.0447][ 85.2465][ 82.5653][ 80.0156][ 77.6082][  75.351][ 73.2487][ 71.3036][  69.516][ 67.8846][  66.407][   65.08][    63.9][  62.863][ 61.9653][ 61.2034][ 60.5738][ 60.0737][ 59.7008][ 59.4533][ 59.3298][ 59.3299][ 59.4534][ 59.7011][  60.074][ 60.5742][ 61.2038][ 61.9659][ 62.8636][ 63.9006][ 65.0807][ 66.4078][ 67.8854][ 69.5168][ 71.3044][ 73.2495][ 75.3518][  77.609][ 80.0163][  82.566][ 85.2471][ 88.0452][ 90.9421][ 93.9167][ 96.9447][     100]
[     100][ 97.1839][ 94.3909][ 91.6435][ 88.9625][ 86.3664][ 83.8716][ 81.4912][ 79.2359][ 77.1135][ 75.1295][ 73.2872][  71.588][ 70.0321][ 68.6183][ 67.3449][ 66.2093][  65.209][ 64.3412][ 63.6032][ 62.9924][ 62.5066][  62.144][ 61.9031][ 61.7829][ 61.7829][ 61.9032][ 62.1442][ 62.5069][ 62.9928][ 63.6036][ 64.3418][ 65.2096][   66.21][ 67.3456][ 68.6191][ 70.0329][ 71.5889][  73.288][ 75.1303][ 77.1143][ 79.2367][ 81.4919][ 83.8722][  86.367][  88.963][ 91.6439][ 94.3912][  97.184][     100]
[     100][    97.4][ 94.8199][  92.279][ 89.7953][ 87.3853][ 85.0634][ 82.8418][ 80.7307][ 78.7377][ 76.8688][ 75.1278][  73.517][ 72.0376][ 70.6895][ 69.4719][ 68.3836][ 67.4227][ 66.5875][ 65.8759][ 65.2861][ 64.8165][ 64.4656][ 64.2323][ 64.1159][  64.116][ 64.2325][ 64.4658][ 64.8168][ 65.2865][ 65.8764][  66.588][ 67.4234][ 68.3843][ 69.4727][ 70.6903][ 72.0384][ 73.5178][ 75.1286][ 76.8696][ 78.7386][ 80.7315][ 82.8426][  85.064][ 87.3859][ 89.7958][ 92.2794][ 94.8202][ 97.4002][     100]
[     100][ 97.5963][ 95.2098][ 92.8573][ 90.5545][ 88.3161][ 86.1549][ 84.0822][ 82.1074][ 80.2381][ 78.4803][ 76.8382][ 75.3148][ 73.9119][ 72.6302][   71.47][ 70.4305][  69.511][ 68.7102][ 68.0269][ 67.4599][ 67.0078][ 66.6698][ 66.4449][ 66.3327][ 66.3327][ 66.4451][   66.67][ 67.0082][ 67.4603][ 68.0275][ 68.7108][ 69.5116][ 70.4312][ 71.4707][  72.631][ 73.9127][ 75.3156][  76.839][ 78.4811][  80.239][ 82.1082][ 84.0829][ 86.1555][ 88.3167][  90.555][ 92.8577][ 95.2101][ 97.5965][     100]
[     100][ 97.7754][ 95.5658][ 93.3859][ 91.2495][ 89.1696][ 87.1579][ 85.2247][ 83.3787][ 81.6272][ 79.9761][   78.43][ 76.9922][  75.665][ 74.4498][ 73.3473][ 72.3577][ 71.4807][ 70.7157][  70.062][ 69.5188][ 69.0854][  68.761][ 68.5451][ 68.4373][ 68.4374][ 68.5453][ 68.7613][ 69.0858][ 69.5193][ 70.0625][ 70.7163][ 71.4814][ 72.3585][ 73.3481][ 74.4506][ 75.6659][ 76.9931][ 78.4309][  79.977][  81.628][ 83.3795][ 85.2255][ 87.1586][ 89.1703][   91.25][ 93.3863][ 95.5661][ 97.7755][     100]
[     100][ 97.9395][ 95.8921][ 93.8709][  91.888][ 89.9551][ 88.0827][ 86.2801][ 84.5555][ 82.9159][ 81.3671][ 79.9137][ 78.5592][ 77.3063][ 76.1568][  75.112][ 74.1725][ 73.3385][   72.61][ 71.9867][ 71.4682][ 71.0541][  70.744][ 70.5374][ 70.4343][ 70.4343][ 70.5376][ 70.7442][ 71.0545][ 71.4687][ 71.9873][ 72.6106][ 73.3392][ 74.1733][ 75.1128][ 76.1577][ 77.3071][ 78.5601][ 79.9146][  81.368][ 82.9168][ 84.5563][ 86.2808][ 88.0834][ 89.9558][ 91.8886][ 93.8713][ 95.8924][ 97.9396][     100]
[     100][ 98.0904][ 96.1924][ 94.3175][ 92.4767][ 90.6802][ 88.9376][ 87.2575][ 85.6475][ 84.1141][ 82.6629][ 81.2986][ 80.0247][ 78.8443][ 77.7594][ 76.7716][  75.882][ 75.0911][ 74.3994][ 73.8068][ 73.3135][ 72.9191][ 72.6235][ 72.4266][ 72.3282][ 72.3283][ 72.4268][ 72.6238][ 72.9194][ 73.3139][ 73.8074][    74.4][ 75.0918][ 75.8827][ 76.7724][ 77.7602][ 78.8451][ 80.0256][ 81.2995][ 82.6638][  84.115][ 85.6483][ 87.2583][ 88.9384][ 90.6809][ 92.4772][  94.318][ 96.1927][ 98.0905][     100]
[     100][ 98.2297][ 96.4697][ 94.7302][ 93.0211][ 91.3515][ 89.7302][  88.165][ 86.6629][ 85.2301][  83.872][ 82.5931][  81.397][ 80.2869][  79.265][ 78.3332][ 77.4928][ 76.7448][ 76.0897][  75.528][ 75.0599][ 74.6854][ 74.4046][ 74.2175][ 74.1239][  74.124][ 74.2176][ 74.4049][ 74.6858][ 75.0603][ 75.5285][ 76.0903][ 76.7454][ 77.4935][  78.334][ 79.2658][ 80.2877][ 81.3979][  82.594][ 83.8729][  85.231][ 86.6637][ 88.1658][ 89.7309][ 91.3522][ 93.0216][ 94.7306][   96.47][ 98.2298][     100]
[     100][ 98.3586][ 96.7264][ 95.1126][ 93.5259][ 91.9747][ 90.4668][ 89.0094][ 87.6091][ 86.2716][ 85.0021][ 83.8048][ 82.6836][ 81.6414][ 80.6807][ 79.8035][ 79.0115][ 78.3056][ 77.6869][ 77.1558][ 76.7129][ 76.3583][ 76.0923][ 75.9149][ 75.8262][ 75.8263][ 75.9151][ 76.0925][ 76.3586][ 76.7133][ 77.1563][ 77.6875][ 78.3063][ 79.0122][ 79.8043][ 80.6815][ 81.6422][ 82.6845][ 83.8057][  85.003][ 86.2725][ 87.6099][ 89.0102][ 90.4675][ 91.9753][ 93.5264][  95.113][ 96.7267][ 98.3587][     100]
[     100][ 98.4783][ 96.9649][ 95.4679][ 93.9953][ 92.5546][ 91.1529][ 89.7969][ 88.4926][ 87.2453][   86.06][ 84.9407][ 83.8912][ 82.9145][  82.013][  81.189][ 80.4441][ 79.7796][ 79.1965][ 78.6957][ 78.2776][ 77.9428][ 77.6915][ 77.5239][ 77.4401][ 77.4401][  77.524][ 77.6917][ 77.9432][ 78.2781][ 78.6962][ 79.1971][ 79.7803][ 80.4448][ 81.1898][ 82.0139][ 82.9153][ 83.8921][ 84.9416][ 86.0609][ 87.2462][ 88.4934][ 89.7977][ 91.1536][ 92.5552][ 93.9958][ 95.4683][ 96.9652][ 98.4784][     100]
[     100][ 98.5897][ 97.1869][ 95.7989][ 94.4328][ 93.0955][ 91.7935][ 90.5328][ 89.3191][ 88.1572][ 87.0519][ 86.0071][ 85.0262][ 84.1124][ 83.2681][ 82.4956][ 81.7965][ 81.1723][ 80.6241][ 80.1529][ 79.7594][  79.444][ 79.2072][ 79.0492][ 78.9702][ 78.9702][ 79.0494][ 79.2075][ 79.4444][ 79.7598][ 80.1535][ 80.6247][ 81.1729][ 81.7972][ 82.4963][  83.269][ 84.1132][ 85.0271][ 86.0079][ 87.0528][ 88.1581][ 89.3199][ 90.5336][ 91.7942][ 93.0962][ 94.4333][ 95.7993][ 97.1872][ 98.5899][     100]
[     100][ 98.6937][ 97.3942][  96.108][ 94.8416][ 93.6013][ 92.3929][  91.222][ 90.0937][ 89.0128][ 87.9834][ 87.0095][ 86.0944][ 85.2409][ 84.4517][ 83.7288][ 83.0741][ 82.4891][  81.975][ 81.5328][ 81.1632][ 80.8669][ 80.6443][ 80.4958][ 80.4215][ 80.4215][ 80.4959][ 80.6446][ 80.8672][ 81.1636][ 81.5333][ 81.9756][ 82.4898][ 83.0748][ 83.7296][ 84.4525][ 85.2418][ 86.0952][ 87.0104][ 87.9843][ 89.0136][ 90.0945][ 91.2227][ 92.3936][ 93.6019][ 94.8421][ 96.1084][ 97.3945][ 98.6939][     100]
[     100][  98.791][ 97.5882][ 96.3973][ 95.2244][ 94.0751][ 92.9548][ 91.8686][ 90.8211][ 89.8168][ 88.8597][ 87.9534][  87.101][ 86.3054][  85.569][ 84.8941][ 84.2823][ 83.7352][ 83.2541][ 82.8401][ 82.4939][ 82.2162][ 82.0076][ 81.8683][ 81.7986][ 81.7987][ 81.8684][ 82.0078][ 82.2166][ 82.4943][ 82.8406][ 83.2547][ 83.7359][  84.283][ 84.8948][ 85.5698][ 86.3062][ 87.1018][ 87.9542][ 88.8606][ 89.8176][ 90.8219][ 91.8693][ 92.9555][ 94.0757][  95.225][ 96.3977][ 97.5884][ 98.7912][     100]
[     100][ 98.8823][ 97.7701][ 96.6688][ 95.5837][ 94.5201][ 93.4828][ 92.4764][ 91.5054][ 90.5738][ 89.6853][ 88.8434][ 88.0509][ 87.3107][ 86.6252][ 85.9963][ 85.4259][ 84.9155][ 84.4665][ 84.0797][ 83.7563][ 83.4967][ 83.3016][ 83.1714][ 83.1062][ 83.1063][ 83.1715][ 83.3019][ 83.4971][ 83.7567][ 84.0802][  84.467][ 84.9162][ 85.4266][  85.997][ 86.6259][ 87.3115][ 88.0518][ 88.8442][ 89.6862][ 90.5746][ 91.5062][ 92.4771][ 93.4834][ 94.5207][ 95.5842][ 96.6692][ 97.7703][ 98.8824][     100]
[     100][ 98.9681][ 97.9411][  96.924][ 95.9217][ 94.9388][ 93.9798][  93.049][ 92.1504][ 91.2878][ 90.4646][  89.684][ 88.9488][ 88.2616][ 87.6247][ 87.0402][ 86.5097][ 86.0347][ 85.6166][ 85.2564][ 84.9549][  84.713][ 84.5311][ 84.4096][ 84.3488][ 84.3488][ 84.4097][ 84.5313][ 84.7133][ 84.9553][ 85.2568][ 85.6171][ 86.0353][ 86.5103][ 87.0409][ 87.6255][ 88.2624][ 88.9496][ 89.6848][ 90.4654][ 91.2886][ 92.1512][ 93.0497][ 93.9805][ 94.9394][ 95.9222][ 96.9244][ 97.9414][ 98.9682][     100]
[     100][ 99.0489][ 98.1022][ 97.1646][ 96.2403][ 95.3337][ 94.4488][ 93.5895][ 92.7596][ 91.9625][ 91.2014][ 90.4792][ 89.7987][ 89.1623][ 88.5722][ 88.0302][  87.538][ 87.0972][  86.709][ 86.3744][ 86.0942][ 85.8693][ 85.7002][ 85.5873][ 85.5307][ 85.5308][ 85.5874][ 85.7004][ 85.8697][ 86.0946][ 86.3748][ 86.7095][ 87.0978][ 87.5387][ 88.0309][ 88.5729][ 89.1631][ 89.7995][   90.48][ 91.2022][ 91.9632][ 92.7603][ 93.5902][ 94.4494][ 95.3342][ 96.2408][  97.165][ 98.1025][  99.049][     100]
[     100][ 99.1252][ 98.2544][ 97.3918][ 96.5413][ 95.7069][ 94.8921][ 94.1007][  93.336][ 92.6012][ 91.8993][  91.233][ 90.6048][ 90.0169][ 89.4716][ 88.9705][ 88.5152][ 88.1073][ 87.7479][  87.438][ 87.1785][ 86.9701][ 86.8134][ 86.7087][ 86.6563][ 86.6563][ 86.7088][ 86.8136][ 86.9704][ 87.1789][ 87.4385][ 87.7484][ 88.1079][ 88.5159][ 88.9711][ 89.4723][ 90.0177][ 90.6055][ 91.2337][ 91.9001][  92.602][ 93.3367][ 94.1014][ 94.8927][ 95.7074][ 96.5418][ 97.3922][ 98.2547][ 99.1253][     100]
[     100][ 99.1974][ 98.3985][ 97.6069][ 96.8264][ 96.0604][ 95.3123][ 94.5853][ 93.8827][ 93.2072][ 92.5617][ 91.9487][ 91.3705][ 90.8292][ 90.3268][  89.865][ 89.4453][ 89.0691][ 88.7374][ 88.4514][ 88.2119][ 88.0195][ 87.8747][  87.778][ 87.7296][ 87.7296][ 87.7781][ 87.8749][ 88.0197][ 88.2122][ 88.4519][ 88.7379][ 89.0696][ 89.4459][ 89.8656][ 90.3275][ 90.8299][ 91.3712][ 91.9494][ 92.5625][ 93.2079][ 93.8834][  94.586][ 95.3128][ 96.0609][ 96.8268][ 97.6073][ 98.3987][ 99.1975][     100]
[     100][ 99.2659][ 98.5352][ 97.8111][  97.097][  96.396][ 95.7113][ 95.0457][ 94.4022][ 93.7834][ 93.1918][ 92.6298][ 92.0994][ 91.6028][ 91.1416][ 90.7176][  90.332][ 89.9863][ 89.6815][ 89.4186][ 89.1983][ 89.0213][ 88.8881][ 88.7991][ 88.7546][ 88.7546][ 88.7992][ 88.8883][ 89.0215][ 89.1986][  89.419][  89.682][ 89.9869][ 90.3326][ 90.7182][ 91.1423][ 91.6035][ 92.1001][ 92.6305][ 93.1925][ 93.7841][ 94.4029][ 95.0463][ 95.7118][ 96.3965][ 97.0974][ 97.8114][ 98.5354][  99.266][     100]
[     100][ 99.3311][ 98.6652][ 98.0054][ 97.3545][ 96.7155][ 96.0912][ 95.4842][ 94.8971][ 94.3324][ 93.7924][ 93.2792][ 92.7948][  92.341][ 91.9195][ 91.5317][ 91.1791][ 90.8628][ 90.5839][ 90.3432][ 90.1415][ 89.9794][ 89.8574][ 89.7759][ 89.7351][ 89.7352][  89.776][ 89.8576][ 89.9797][ 90.1418][ 90.3436][ 90.5843][ 90.8633][ 91.1797][ 91.5323][ 91.9201][ 92.3416][ 92.7954][ 93.2799][ 93.7931][ 94.3331][ 94.8977][ 95.4847][ 96.0917][  96.716][ 97.3549][ 98.0057][ 98.6654][ 99.3312][     100]
[     100][ 99.3933][ 98.7893][ 98.1907][ 97.6002][ 97.0204][ 96.4537][ 95.9028][ 95.3697][ 94.8569][ 94.3663][    93.9][ 93.4596][  93.047][ 92.6636][ 92.3109][   91.99][ 91.7021][ 91.4481][ 91.2289][ 91.0452][ 90.8976][ 90.7865][ 90.7122][  90.675][ 90.6751][ 90.7123][ 90.7866][ 90.8978][ 91.0455][ 91.2293][ 91.4486][ 91.7026][ 91.9905][ 92.3114][ 92.6642][ 93.0476][ 93.4602][ 93.9006][ 94.3669][ 94.8575][ 95.3703][ 95.9033][ 96.4542][ 97.0208][ 97.6006][  98.191][ 98.7895][ 99.3934][     100]
[     100][ 99.4528][ 98.9079][  98.368][ 97.8353][ 97.3121][ 96.8008][ 96.3034][ 95.8222][ 95.3592][ 94.9161][ 94.4948][ 94.0969][ 93.7239][ 93.3773][ 93.0583][ 92.7681][ 92.5076][ 92.2777][ 92.0794][ 91.9131][ 91.7794][ 91.6788][ 91.6115][ 91.5779][ 91.5779][ 91.6116][ 91.6789][ 91.7796][ 91.9133][ 92.0797][ 92.2781][  92.508][ 92.7685][ 93.0588][ 93.3778][ 93.7245][ 94.0974][ 94.4953][ 94.9166][ 95.3597][ 95.8228][ 96.3039][ 96.8012][ 97.3125][ 97.8356][ 98.3682][ 98.9081][ 99.4528][     100]
[     100][ 99.5098][ 99.0218][ 98.5381][ 98.0608][  97.592][ 97.1338][ 96.6881][ 96.2567][ 95.8415][ 95.4441][ 95.0662][ 94.7092][ 94.3746][ 94.0635][ 93.7771][ 93.5164][ 93.2825][  93.076][ 92.8978][ 92.7484][ 92.6282][ 92.5378][ 92.4774][ 92.4471][ 92.4471][ 92.4775][  92.538][ 92.6284][ 92.7486][ 92.8981][ 93.0764][ 93.2829][ 93.5169][ 93.7775][ 94.0639][ 94.3751][ 94.7098][ 95.0667][ 95.4447][  95.842][ 96.2572][ 96.6885][ 97.1342][ 97.5924][ 98.0611][ 98.5383][ 99.0219][ 99.5099][     100]
[     100][ 99.5647][ 99.1313][ 98.7017][ 98.2778][ 97.8614][ 97.4544][ 97.0584][ 96.6751][  96.306][ 95.9528][ 95.6168][ 95.2994][ 95.0017][  94.725][ 94.4702][ 94.2382][   94.03][ 93.8462][ 93.6875][ 93.5545][ 93.4475][  93.367][ 93.3131][ 93.2862][ 93.2862][ 93.3132][ 93.3671][ 93.4477][ 93.5547][ 93.6878][ 93.8466][ 94.0304][ 94.2386][ 94.4706][ 94.7254][ 95.0022][ 95.2999][ 95.6173][ 95.9533][ 96.3065][ 96.6755][ 97.0588][ 97.4548][ 97.8618][ 98.2781][ 98.7019][ 99.1315][ 99.5648][     100]
[     100][ 99.6177][  99.237][ 98.8597][ 98.4874][ 98.1216][  97.764][  97.416][ 97.0792][ 96.7549][ 96.4444][  96.149][ 95.8699][ 95.6081][ 95.3646][ 95.1405][ 94.9364][ 94.7532][ 94.5914][ 94.4518][ 94.3346][ 94.2404][ 94.1695][ 94.1221][ 94.0984][ 94.0984][ 94.1222][ 94.1697][ 94.2406][ 94.3348][  94.452][ 94.5917][ 94.7535][ 94.9368][ 95.1409][  95.365][ 95.6085][ 95.8703][ 96.1494][ 96.4448][ 96.7553][ 97.0796][ 97.4164][ 97.7643][ 98.1219][ 98.4876][ 98.8599][ 99.2372][ 99.6178][     100]
[     100][  99.669][ 99.3394][ 99.0128][ 98.6904][ 98.3736][ 98.0639][ 97.7626][ 97.4708][ 97.1899][ 96.9209][ 96.6649][  96.423][ 96.1961][ 95.9851][ 95.7908][ 95.6138][ 95.4549][ 95.3147][ 95.1935][ 95.0919][ 95.0102][ 94.9487][ 94.9076][  94.887][  94.887][ 94.9076][ 94.9488][ 95.0103][ 95.0921][ 95.1937][ 95.3149][ 95.4552][ 95.6141][ 95.7911][ 95.9855][ 96.1965][ 96.4234][ 96.6653][ 96.9213][ 97.1902][ 97.4712][ 97.7629][ 98.0642][ 98.3739][ 98.6906][ 99.0129][ 99.3396][ 99.6691][     100]
[     100][ 99.7189][  99.439][ 99.1615][ 98.8877][ 98.6187][ 98.3556][ 98.0996][ 97.8517][  97.613][ 97.3844][ 97.1669][ 96.9613][ 96.7684][  96.589][ 96.4237][ 96.2733][ 96.1381][ 96.0188][ 95.9158][ 95.8293][ 95.7598][ 95.7075][ 95.6725][  95.655][  95.655][ 95.6726][ 95.7076][   95.76][ 95.8295][  95.916][  96.019][ 96.1384][ 96.2735][  96.424][ 96.5893][ 96.7687][ 96.9616][ 97.1672][ 97.3847][ 97.6133][  97.852][ 98.0999][ 98.3559][ 98.6189][ 98.8879][ 99.1617][ 99.4391][ 99.7189][     100]
[     100][ 99.7676][ 99.5361][ 99.3067][ 99.0803][ 98.8578][ 98.6402][ 98.4285][ 98.2235][  98.026][ 97.8369][ 97.6569][ 97.4868][ 97.3272][ 97.1788][  97.042][ 96.9174][ 96.8056][ 96.7068][ 96.6215][ 96.5499][ 96.4924][  96.449][ 96.4201][ 96.4056][ 96.4056][ 96.4201][ 96.4491][ 96.4925][ 96.5501][ 96.6217][  96.707][ 96.8058][ 96.9177][ 97.0422][  97.179][ 97.3275][ 97.4871][ 97.6572][ 97.8372][ 98.0263][ 98.2237][ 98.4287][ 98.6405][  98.858][ 99.0804][ 99.3068][ 99.5362][ 99.7676][     100]
[     100][ 99.8152][ 99.6313][ 99.4489][ 99.2689][  99.092][ 98.9191][ 98.7507][ 98.5877][ 98.4307][ 98.2803][ 98.1372][ 98.0019][  97.875][ 97.7569][ 97.6481][  97.549][   97.46][ 97.3814][ 97.3135][ 97.2566][ 97.2108][ 97.1763][ 97.1532][ 97.1417][ 97.1417][ 97.1533][ 97.1763][ 97.2109][ 97.2567][ 97.3136][ 97.3815][ 97.4601][ 97.5492][ 97.6483][ 97.7571][ 97.8752][ 98.0021][ 98.1374][ 98.2805][ 98.4309][ 98.5879][ 98.7509][ 98.9193][ 99.0922][  99.269][  99.449][ 99.6313][ 99.8153][     100]
[     100][ 99.8621][ 99.7248][ 99.5887][ 99.4544][ 99.3224][ 99.1933][ 99.0677][  98.946][ 98.8288][ 98.7165][ 98.6097][ 98.5087][ 98.4139][ 98.3257][ 98.2445][ 98.1705][  98.104][ 98.0453][ 97.9946][ 97.9521][ 97.9179][ 97.8921][ 97.8749][ 97.8663][ 97.8663][ 97.8749][ 97.8922][ 97.9179][ 97.9522][ 97.9947][ 98.0454][ 98.1041][ 98.1706][ 98.2446][ 98.3259][  98.414][ 98.5088][ 98.6098][ 98.7167][ 98.8289][ 98.9461][ 99.0678][ 99.1934][ 99.3225][ 99.4545][ 99.5888][ 99.7249][ 99.8621][     100]
[     100][ 99.9084][ 99.8172][ 99.7268][ 99.6375][ 99.5499][ 99.4641][ 99.3806][ 99.2998][ 99.2219][ 99.1473][ 99.0763][ 99.0092][ 98.9462][ 98.8876][ 98.8336][ 98.7845][ 98.7403][ 98.7013][ 98.6676][ 98.6393][ 98.6166][ 98.5995][  98.588][ 98.5823][ 98.5823][  98.588][ 98.5995][ 98.6166][ 98.6394][ 98.6677][ 98.7014][ 98.7404][ 98.7846][ 98.8337][ 98.8877][ 98.9463][ 99.0093][ 99.0764][ 99.1474][  99.222][ 99.2999][ 99.3807][ 99.4642][ 99.5499][ 99.6376][ 99.7268][ 99.8172][ 99.9084][     100]
[     100][ 99.9543][ 99.9088][ 99.8637][ 99.8192][ 99.7754][ 99.7326][  99.691][ 99.6506][ 99.6118][ 99.5746][ 99.5391][ 99.5056][ 99.4742][  99.445][  99.418][ 99.3935][ 99.3714][  99.352][ 99.3351][  99.321][ 99.3097][ 99.3011][ 99.2954][ 99.2926][ 99.2926][ 99.2954][ 99.3012][ 99.3097][ 99.3211][ 99.3352][  99.352][ 99.3715][ 99.3935][ 99.4181][  99.445][ 99.4743][ 99.5057][ 99.5392][ 99.5746][ 99.6118][ 99.6507][  99.691][ 99.7327][ 99.7754][ 99.8192][ 99.8637][ 99.9088][ 99.9543][     100]
[     100][     100][     100][     100][     100][     100][     100][     100][     100][     100][     100][     100][     100][     100][     100][     100][     100][     100][     100][     100][     100][     100][     100][     100][     100][     100][     100][     100][     100][     100][     100][     100][     100][     100][     100][     100][     100][     100][     100][     100][     100][     100][     100][     100][     100][     100][     100][     100][     100][     100]
