[       0][       0][       0][       0][       0][       0][       0][       0][       0][       0]
[     100][ 51.3669][ 33.0791][ 25.5154][ 22.6441][ 22.6447][  25.517][  33.081][ 51.3683][     100]
[     100][ 72.3903][ 55.4371][ 46.3418][ 42.4199][ 42.4209][ 46.3445][ 55.4405][ 72.3928][     100]
[     100][ 82.7599][ 69.9416][ 61.9997][ 58.2777][  58.279][ 62.0031][ 69.9459][ 82.7631][     100]
[     100][ 88.7111][ 79.5747][ 73.4433][ 70.4179][ 70.4193][  73.447][ 79.5793][ 88.7145][     100]
[     100][ 92.5132][ 86.2079][ 81.7866][ 79.5372][ 79.5385][ 81.7901][ 86.2122][ 92.5164][     100]
[     100][  95.137][ 90.9614][ 87.9633][ 86.4108][ 86.4119][ 87.9661][  90.965][ 95.1396][     100]
[     100][ 97.0757][  94.541][ 92.6982][ 91.7347][ 91.7355][ 92.7002][ 94.5434][ 97.0776][     100]
[     100][ 98.6265][ 97.4307][ 96.5562][ 96.0969][ 96.0972][ 96.5572][  97.432][ 98.6274][     100]
[     100][     100][     100][     100][     100][     100][     100][     100][     100][     100]
One Processor: 
Threshold Level: 0.001
Final Dynamic Range to Break: 0.000968772
Iteration Count: 69
Ticks: 25977
Seconds: 0.025977s
