One Processor: 
Tolerence Level: 0.1
Final Difference Between Grids: 0.0999145
Iteration Count: 2971
Ticks: 639389
Seconds: 0.639389s
[       0][       0][       0][       0][       0][       0][       0][       0][       0][       0][       0][       0][       0][       0][       0][       0][       0][       0][       0][       0][       0][       0][       0][       0][       0][       0][       0][       0][       0][       0][       0][       0][       0][       0][       0][       0][       0][       0][       0][       0][       0][       0][       0][       0][       0][       0][       0][       0][       0][       0][       0][       0][       0][       0][       0][       0][       0][       0][       0][       0][       0][       0][       0][       0][       0][       0][       0][       0][       0][       0][       0][       0][       0][       0][       0][       0][       0][       0][       0][       0]
[     100][ 50.0251][ 30.2849][ 21.0142][ 15.9499][ 12.8381][ 10.7536][  9.2672][ 8.15724][ 7.29906][ 6.61742][ 6.06428][  5.6076][ 5.22516][ 4.90109][ 4.62377][ 4.38446][ 4.17649][  3.9947][ 3.83498][ 3.69409][ 3.56938][ 3.45871][  3.3603][  3.2727][ 3.19467][  3.1252][ 3.06342][ 3.00859][ 2.96009][ 2.91741][ 2.88009][ 2.84776][ 2.82009][ 2.79684][ 2.77777][ 2.76272][ 2.75154][ 2.74415][ 2.74047][ 2.74047][ 2.74416][ 2.75155][ 2.76273][ 2.77779][ 2.79686][ 2.82012][ 2.84779][ 2.88012][ 2.91745][ 2.96013][ 3.00863][ 3.06346][ 3.12525][ 3.19472][ 3.27275][ 3.36036][ 3.45876][ 3.56944][ 3.69415][ 3.83504][ 3.99476][ 4.17655][ 4.38451][ 4.62382][ 4.90115][ 5.22521][ 5.60765][ 6.06433][ 6.61747][ 7.29911][ 8.15728][ 9.26723][ 10.7537][ 12.8381][ 15.9499][ 21.0142][ 30.2849][ 50.0251][     100]
[     100][ 69.8154][ 50.1003][ 37.8219][ 29.9473][ 24.6488][ 20.9092][ 18.1579][ 16.0627][ 14.4216][ 13.1063][ 12.0321][  11.141][ 10.3919][ 9.75545][ 9.20952][ 8.73757][ 8.32683][ 7.96732][ 7.65115][   7.372][ 7.12473][ 6.90515][ 6.70981][ 6.53583][  6.3808][ 6.24272][ 6.11989][ 6.01085][ 5.91439][ 5.82947][  5.7552][ 5.69085][ 5.63579][  5.5895][ 5.55154][ 5.52157][ 5.49932][  5.4846][ 5.47727][ 5.47727][ 5.48461][ 5.49934][  5.5216][ 5.55157][ 5.58954][ 5.63584][ 5.69091][ 5.75527][ 5.82954][ 5.91447][ 6.01093][ 6.11998][ 6.24282][  6.3809][ 6.53593][ 6.70992][ 6.90527][ 7.12485][ 7.37212][ 7.65127][ 7.96744][ 8.32694][ 8.73769][ 9.20964][ 9.75556][ 10.3921][ 11.1411][ 12.0322][ 13.1064][ 14.4217][ 16.0628][  18.158][ 20.9093][ 24.6489][ 29.9474][ 37.8219][ 50.1003][ 69.8154][     100]
[     100][ 79.1363][ 62.4791][ 50.2257][ 41.3687][ 34.9006][ 30.0766][ 26.3925][ 23.5141][ 21.2183][ 19.3542][ 17.8169][ 16.5322][ 15.4462][ 14.5193][ 13.7213][ 13.0295][ 12.4259][ 11.8966][ 11.4303][  11.018][ 10.6524][ 10.3274][  10.038][ 9.78001][ 9.55001][ 9.34503][ 9.16258][ 9.00055][ 8.85716][ 8.73088][ 8.62042][ 8.52468][ 8.44275][ 8.37384][ 8.31733][ 8.27272][ 8.23959][ 8.21767][ 8.20676][ 8.20677][ 8.21769][ 8.23962][ 8.27276][ 8.31739][ 8.37391][ 8.44282][ 8.52477][ 8.62052][ 8.73099][ 8.85728][ 9.00068][ 9.16271][ 9.34517][ 9.55016][ 9.78017][ 10.0381][ 10.3276][ 10.6526][ 11.0182][ 11.4305][ 11.8968][ 12.4261][ 13.0297][ 13.7215][ 14.5194][ 15.4464][ 16.5323][ 17.8171][ 19.3543][ 21.2185][ 23.5142][ 26.3927][ 30.0767][ 34.9007][ 41.3688][ 50.2258][ 62.4791][ 79.1363][     100]
[     100][ 84.2507][ 70.4539][ 59.2332][ 50.4012][ 43.5082][ 38.1042][ 33.8216][ 30.3827][ 27.5834][ 25.2752][ 23.3491][ 21.7247][ 20.3415][  19.154][  18.127][ 17.2331][ 16.4508][ 15.7629][ 15.1555][ 14.6175][ 14.1395][  13.714][ 13.3347][ 12.9963][ 12.6942][ 12.4248][ 12.1849][ 11.9716][ 11.7829][ 11.6165][ 11.4709][ 11.3447][ 11.2367][ 11.1458][ 11.0713][ 11.0124][ 10.9687][ 10.9398][ 10.9254][ 10.9254][ 10.9398][ 10.9687][ 11.0125][ 11.0713][ 11.1459][ 11.2368][ 11.3449][ 11.4711][ 11.6167][  11.783][ 11.9718][  12.185][  12.425][ 12.6944][ 12.9965][ 13.3349][ 13.7142][ 14.1397][ 14.6177][ 15.1558][ 15.7631][ 16.4511][ 17.2334][ 18.1273][ 19.1543][ 20.3418][ 21.7249][ 23.3493][ 25.2754][ 27.5836][ 30.3828][ 33.8217][ 38.1043][ 43.5084][ 50.4013][ 59.2332][  70.454][ 84.2508][     100]
[     100][ 87.4127][ 75.8528][ 65.8517][ 57.4949][  50.627][ 45.0102][ 40.4069][ 36.6116][ 33.4576][ 30.8142][ 28.5798][ 26.6758][ 25.0412][ 23.6284][ 22.3996][ 21.3253][ 20.3814][ 19.5487][ 18.8114][ 18.1568][ 17.5741][ 17.0545][ 16.5906][ 16.1761][ 15.8058][ 15.4752][ 15.1805][ 14.9184][ 14.6861][ 14.4814][ 14.3021][ 14.1467][ 14.0135][ 13.9015][ 13.8096][  13.737][  13.683][ 13.6474][ 13.6296][ 13.6296][ 13.6474][ 13.6831][  13.737][ 13.8097][ 13.9016][ 14.0137][ 14.1468][ 14.3023][ 14.4816][ 14.6863][ 14.9186][ 15.1807][ 15.4754][ 15.8061][ 16.1764][ 16.5909][ 17.0548][ 17.5744][ 18.1571][ 18.8117][ 19.5489][ 20.3817][ 21.3256][ 22.3999][ 23.6286][ 25.0415][ 26.6761][   28.58][ 30.8144][ 33.4578][ 36.6118][ 40.4071][ 45.0104][ 50.6271][  57.495][ 65.8518][ 75.8528][ 87.4127][     100]
[     100][ 89.5473][ 79.6926][ 70.8262][ 63.0996][ 56.4945][ 50.9028][ 46.1844][ 42.1991][ 38.8212][ 35.9441][   33.48][ 31.3576][ 29.5193][ 27.9185][ 26.5179][ 25.2869][ 24.2007][  23.239][ 22.3848][ 21.6242][ 20.9457][ 20.3394][ 19.7971][ 19.3119][ 18.8778][ 18.4897][ 18.1435][ 17.8352][ 17.5619][ 17.3208][ 17.1096][ 16.9263][ 16.7693][ 16.6371][ 16.5286][ 16.4429][ 16.3792][ 16.3371][ 16.3161][ 16.3161][ 16.3371][ 16.3793][  16.443][ 16.5287][ 16.6372][ 16.7694][ 16.9265][ 17.1098][ 17.3211][ 17.5622][ 17.8355][ 18.1437][   18.49][ 18.8781][ 19.3122][ 19.7974][ 20.3397][  20.946][ 21.6246][ 22.3851][ 23.2393][ 24.2011][ 25.2873][ 26.5183][ 27.9189][ 29.5196][ 31.3579][ 33.4803][ 35.9444][ 38.8214][ 42.1993][ 46.1846][  50.903][ 56.4947][ 63.0997][ 70.8263][ 79.6927][ 89.5474][     100]
[     100][ 91.0839][ 82.5443][ 74.6608][ 67.5829][ 61.3486][ 55.9222][ 51.2288][ 47.1792][  43.684][ 40.6611][ 38.0386][ 35.7553][ 33.7597][ 32.0087][ 30.4666][ 29.1038][ 27.8957][ 26.8217][ 25.8645][ 25.0097][ 24.2451][ 23.5603][ 22.9466][ 22.3966][ 21.9037][ 21.4625][ 21.0684][ 20.7173][ 20.4056][ 20.1304][ 19.8892][ 19.6798][ 19.5002][  19.349][ 19.2249][ 19.1268][ 19.0539][ 19.0057][ 18.9817][ 18.9817][ 19.0057][  19.054][ 19.1269][  19.225][ 19.3492][ 19.5004][   19.68][ 19.8895][ 20.1307][ 20.4059][ 20.7176][ 21.0687][ 21.4629][  21.904][ 22.3969][  22.947][ 23.5607][ 24.2455][ 25.0101][ 25.8649][ 26.8221][ 27.8961][ 29.1042][  30.467][  32.009][   33.76][ 35.7557][  38.039][ 40.6614][ 43.6843][ 47.1795][ 51.2291][ 55.9224][ 61.3488][  67.583][ 74.6609][ 82.5444][  91.084][     100]
[     100][ 92.2441][ 84.7399][ 77.6898][ 71.2225][ 65.3948][ 60.2085][ 55.6295][  51.605][ 48.0744][ 44.9776][ 42.2581][ 39.8655][ 37.7555][ 35.8899][  34.236][ 32.7662][ 31.4567][ 30.2876][ 29.2419][  28.305][ 27.4646][ 26.7102][ 26.0326][ 25.4241][ 24.8779][ 24.3884][ 23.9505][ 23.5599][ 23.2128][ 22.9062][ 22.6371][ 22.4034][ 22.2029][  22.034][ 21.8952][ 21.7856][ 21.7041][ 21.6501][ 21.6232][ 21.6233][ 21.6502][ 21.7042][ 21.7857][ 21.8954][ 22.0341][ 22.2031][ 22.4036][ 22.6374][ 22.9064][ 23.2131][ 23.5602][ 23.9508][ 24.3888][ 24.8783][ 25.4245][  26.033][ 26.7106][ 27.4651][ 28.3055][ 29.2423][ 30.2881][ 31.4572][ 32.7666][ 34.2365][ 35.8903][ 37.7559][ 39.8659][ 42.2585][ 44.9779][ 48.0747][ 51.6053][ 55.6298][ 60.2087][  65.395][ 71.2227][   77.69][   84.74][ 92.2441][     100]
[     100][ 93.1524][ 86.4814][ 80.1362][ 74.2225][ 68.7997][ 63.8874][ 59.4759][ 55.5367][ 52.0312][ 48.9167][ 46.1508][ 43.6931][ 41.5069][ 39.5593][ 37.8215][ 36.2681][ 34.8774][ 33.6303][ 32.5105][ 31.5039][ 30.5983][ 29.7832][ 29.0495][ 28.3893][ 27.7956][ 27.2627][ 26.7853][ 26.3589][ 25.9797][ 25.6443][ 25.3498][ 25.0938][  24.874][ 24.6888][ 24.5366][ 24.4162][ 24.3268][ 24.2675][  24.238][  24.238][ 24.2676][ 24.3269][ 24.4164][ 24.5368][  24.689][ 24.8742][  25.094][ 25.3501][ 25.6446][ 25.9801][ 26.3593][ 26.7857][ 27.2631][ 27.7961][ 28.3897][   29.05][ 29.7837][ 30.5988][ 31.5044][  32.511][ 33.6308][ 34.8779][ 36.2686][  37.822][ 39.5598][ 41.5074][ 43.6935][ 46.1512][ 48.9171][ 52.0315][ 55.5371][ 59.4762][ 63.8877][ 68.7999][ 74.2227][ 80.1363][ 86.4815][ 93.1525][     100]
[     100][ 93.8843][ 87.8971][ 82.1509][ 76.7315][ 71.6941][ 67.0656][   62.85][ 59.0348][ 55.5969][ 52.5074][ 49.7352][ 47.2493][ 45.0197][ 43.0191][ 41.2225][ 39.6075][ 38.1544][ 36.8456][ 35.6659][ 34.6018][ 33.6416][  32.775][  31.993][ 31.2879][ 30.6527][ 30.0815][ 29.5691][ 29.1109][ 28.7029][ 28.3416][ 28.0242][ 27.7479][ 27.5107][ 27.3106][ 27.1462][ 27.0161][ 26.9193][ 26.8553][ 26.8233][ 26.8234][ 26.8553][ 26.9194][ 27.0162][ 27.1464][ 27.3109][  27.511][ 27.7482][ 28.0245][  28.342][ 28.7032][ 29.1113][ 29.5695][  30.082][ 30.6532][ 31.2884][ 31.9935][ 32.7755][ 33.6421][ 34.6023][ 35.6664][ 36.8462][ 38.1549][ 39.6081][  41.223][ 43.0196][ 45.0202][ 47.2497][ 49.7357][ 52.5079][ 55.5973][ 59.0352][ 62.8504][ 67.0659][ 71.6944][ 76.7317][ 82.1511][ 87.8972][ 93.8844][     100]
[     100][ 94.4877][ 89.0719][  83.839][ 78.8586][ 74.1796][  69.831][ 65.8238][ 62.1556][ 58.8142][ 55.7808][ 53.0336][  50.549][ 48.3036][  46.275][ 44.4419][ 42.7851][ 41.2871][  39.932][ 38.7058][ 37.5959][ 36.5913][ 35.6822][ 34.8598][ 34.1166][ 33.4459][ 32.8417][ 32.2988][ 31.8127][ 31.3793][ 30.9952][ 30.6574][ 30.3632][ 30.1103][  29.897][ 29.7215][ 29.5826][ 29.4793][ 29.4109][ 29.3768][ 29.3768][  29.411][ 29.4794][ 29.5828][ 29.7217][ 29.8972][ 30.1106][ 30.3635][ 30.6577][ 30.9956][ 31.3797][ 31.8131][ 32.2993][ 32.8422][ 33.4464][ 34.1172][ 34.8604][ 35.6827][ 36.5919][ 37.5965][ 38.7064][ 39.9326][ 41.2877][ 42.7857][ 44.4425][ 46.2755][ 48.3042][ 50.5495][ 53.0341][ 55.7813][ 58.8146][  62.156][ 65.8242][ 69.8313][ 74.1799][ 78.8588][ 83.8392][  89.072][ 94.4878][     100]
[     100][ 94.9947][ 90.0636][ 85.2746][ 80.6841][ 76.3349][ 72.2548][ 68.4586][ 64.9498][ 61.7233][ 58.7682][ 56.0693][ 53.6096][ 51.3709][ 49.3352][ 47.4851][ 45.8041][ 44.2769][ 42.8896][ 41.6294][ 40.4848][ 39.4456][ 38.5026][ 37.6475][  36.873][ 36.1726][ 35.5406][ 34.9718][ 34.4618][ 34.0066][ 33.6027][ 33.2471][ 32.9371][ 32.6706][ 32.4455][ 32.2603][ 32.1136][ 32.0046][ 31.9323][ 31.8963][ 31.8963][ 31.9323][ 32.0047][ 32.1138][ 32.2605][ 32.4457][ 32.6708][ 32.9374][ 33.2474][ 33.6031][  34.007][ 34.4623][ 34.9723][ 35.5411][ 36.1732][ 36.8736][ 37.6481][ 38.5032][ 39.4462][ 40.4854][   41.63][ 42.8902][ 44.2775][ 45.8047][ 47.4857][ 49.3358][ 51.3715][ 53.6101][ 56.0698][ 58.7687][ 61.7238][ 64.9502][  68.459][ 72.2552][ 76.3352][ 80.6844][ 85.2747][ 90.0637][ 94.9948][     100]
[     100][ 95.4275][ 90.9133][ 86.5115][ 82.2685][  78.221][ 74.3948][  70.806][ 67.4616][ 64.3612][ 61.4992][ 58.8659][ 56.4491][ 54.2352][   52.21][ 50.3593][ 48.6693][ 47.1269][ 45.7201][ 44.4373][ 43.2684][ 42.2039][ 41.2352][ 40.3546][ 39.5553][ 38.8311][ 38.1763][ 37.5862][ 37.0563][ 36.5826][  36.162][ 35.7912][ 35.4678][ 35.1894][ 34.9542][ 34.7606][ 34.6072][ 34.4931][ 34.4174][ 34.3798][ 34.3798][ 34.4175][ 34.4932][ 34.6074][ 34.7608][ 34.9545][ 35.1897][ 35.4681][ 35.7916][ 36.1624][ 36.5831][ 37.0567][ 37.5867][ 38.1769][ 38.8317][ 39.5559][ 40.3553][ 41.2358][ 42.2045][ 43.2691][  44.438][ 45.7207][ 47.1276][ 48.6699][ 50.3599][ 52.2106][ 54.2358][ 56.4497][ 58.8665][ 61.4998][ 64.3618][ 67.4621][ 70.8065][ 74.3952][ 78.2213][ 82.2688][ 86.5117][ 90.9135][ 95.4276][     100]
[     100][  95.802][ 91.6506][ 87.5897][ 83.6576][ 79.8857][ 76.2976][ 72.9092][ 69.7293][ 66.7609][ 64.0017][ 61.4461][ 59.0859][ 56.9109][ 54.9103][ 53.0727][ 51.3868][ 49.8416][ 48.4265][ 47.1316][ 45.9477][ 44.8663][ 43.8797][ 42.9806][ 42.1627][ 41.4201][ 40.7476][ 40.1404][ 39.5944][ 39.1059][ 38.6714][ 38.2881][ 37.9534][ 37.6652][ 37.4215][ 37.2207][ 37.0617][ 36.9433][ 36.8648][ 36.8256][ 36.8257][ 36.8648][ 36.9434][ 37.0619][  37.221][ 37.4217][ 37.6655][ 37.9538][ 38.2885][ 38.6718][ 39.1063][  39.595][  40.141][ 40.7482][ 41.4207][ 42.1633][ 42.9813][ 43.8804][  44.867][ 45.9484][ 47.1323][ 48.4272][ 49.8423][ 51.3875][ 53.0734][  54.911][ 56.9116][ 59.0865][ 61.4467][ 64.0023][ 66.7614][ 69.7298][ 72.9096][  76.298][  79.886][ 83.6579][ 87.5899][ 91.6508][ 95.8021][     100]
[     100][ 96.1298][ 92.2975][ 88.5391][ 84.8864][ 81.3665][ 78.0006][ 74.8038][ 71.7858][ 68.9512][ 66.3006][  63.831][ 61.5373][ 59.4123][ 57.4477][ 55.6346][ 53.9638][ 52.4262][ 51.0127][ 49.7149][ 48.5246][ 47.4342][ 46.4367][ 45.5255][ 44.6948][ 43.9391][ 43.2536][ 42.6336][ 42.0753][ 41.5751][ 41.1297][ 40.7364][ 40.3927][ 40.0965][ 39.8459][ 39.6393][ 39.4756][ 39.3537][ 39.2728][ 39.2325][ 39.2325][ 39.2729][ 39.3538][ 39.4758][ 39.6396][ 39.8462][ 40.0968][ 40.3931][ 40.7368][ 41.1302][ 41.5756][ 42.0758][ 42.6342][ 43.2542][ 43.9398][ 44.6955][ 45.5262][ 46.4374][ 47.4349][ 48.5253][ 49.7156][ 51.0135][ 52.4269][ 53.9645][ 55.6353][ 57.4484][  59.413][  61.538][ 63.8317][ 66.3012][ 68.9518][ 71.7863][ 74.8043][  78.001][ 81.3669][ 84.8867][ 88.5393][ 92.2977][ 96.1299][     100]
[     100][ 96.4197][ 92.8707][ 89.3826][ 85.9825][ 82.6935][ 79.5345][ 76.5196][ 73.6588][ 70.9576][ 68.4184][ 66.0402][ 63.8201][ 61.7533][ 59.8336][ 58.0542][ 56.4077][ 54.8866][ 53.4834][ 52.1908][ 51.0016][ 49.9092][ 48.9074][ 47.9901][  47.152][ 46.3882][  45.694][ 45.0652][ 44.4982][ 43.9895][ 43.5361][ 43.1353][ 42.7847][ 42.4823][ 42.2263][ 42.0152][ 41.8478][ 41.7231][ 41.6403][ 41.5991][ 41.5991][ 41.6404][ 41.7232][  41.848][ 42.0155][ 42.2266][ 42.4826][ 42.7851][ 43.1357][ 43.5366][   43.99][ 44.4988][ 45.0658][ 45.6946][ 46.3889][ 47.1527][ 47.9908][ 48.9081][   49.91][ 51.0024][ 52.1916][ 53.4842][ 54.8874][ 56.4085][ 58.0549][ 59.8343][  61.754][ 63.8208][ 66.0409][  68.419][ 70.9582][ 73.6593][ 76.5201][ 79.5349][ 82.6939][ 85.9828][ 89.3829][ 92.8708][ 96.4198][     100]
[     100][ 96.6784][ 93.3829][ 90.1383][ 86.9675][ 83.8906][ 80.9242][ 78.0815][ 75.3721][ 72.8022][ 70.3751][ 68.0914][ 65.9498][ 63.9472][ 62.0793][ 60.3409][ 58.7263][ 57.2293][ 55.8437][ 54.5633][ 53.3819][ 52.2939][ 51.2935][ 50.3756][ 49.5352][ 48.7677][  48.069][ 47.4352][ 46.8629][ 46.3487][ 45.8899][  45.484][ 45.1286][ 44.8218][ 44.5619][ 44.3475][ 44.1774][ 44.0506][ 43.9665][ 43.9246][ 43.9246][ 43.9666][ 44.0508][ 44.1776][ 44.3478][ 44.5622][ 44.8222][  45.129][ 45.4844][ 45.8904][ 46.3493][ 46.8634][ 47.4359][ 48.0697][ 48.7684][ 49.5359][ 50.3763][ 51.2943][ 52.2947][ 53.3827][ 54.5641][ 55.8445][ 57.2301][ 58.7271][ 60.3417][ 62.0801][ 63.9479][ 65.9505][ 68.0921][ 70.3757][ 72.8028][ 75.3727][ 78.0821][ 80.9247][  83.891][ 86.9678][ 90.1385][  93.383][ 96.6785][     100]
[     100][ 96.9111][ 93.8441][ 90.8201][ 87.8586][ 84.9771][ 82.1903][ 79.5102][  76.946][ 74.5041][ 72.1884][ 70.0006][ 67.9405][ 66.0064][ 64.1956][  62.504][ 60.9273][ 59.4606][ 58.0988][ 56.8367][ 55.6691][ 54.5909][ 53.5973][ 52.6836][ 51.8454][ 51.0785][ 50.3792][ 49.7439][ 49.1694][ 48.6527][ 48.1911][ 47.7822][  47.424][ 47.1146][ 46.8522][ 46.6357][ 46.4638][ 46.3357][ 46.2506][ 46.2082][ 46.2083][ 46.2507][ 46.3358][  46.464][ 46.6359][ 46.8525][ 47.1149][ 47.4244][ 47.7827][ 48.1916][ 48.6532][   49.17][ 49.7446][ 50.3799][ 51.0793][ 51.8461][ 52.6844][ 53.5981][ 54.5917][ 55.6699][ 56.8375][ 58.0997][ 59.4614][ 60.9281][ 62.5048][ 64.1963][ 66.0072][ 67.9412][ 70.0013][  72.189][ 74.5047][ 76.9466][ 79.5108][ 82.1908][ 84.9775][  87.859][ 90.8203][ 93.8442][ 96.9112][     100]
[     100][ 97.1218][ 94.2623][ 91.4394][ 88.6699][  85.969][ 83.3497][ 80.8231][ 78.3977][ 76.0798][ 73.8738][  71.782][ 69.8052][ 67.9426][ 66.1925][ 64.5523][ 63.0184][ 61.5872][ 60.2544][ 59.0157][ 57.8669][ 56.8035][ 55.8213][ 54.9162][ 54.0844][ 53.3219][ 52.6256][  51.992][ 51.4183][ 50.9016][ 50.4396][   50.03][ 49.6708][ 49.3603][ 49.0969][ 48.8793][ 48.7065][ 48.5777][ 48.4922][ 48.4496][ 48.4496][ 48.4923][ 48.5779][ 48.7067][ 48.8796][ 49.0972][ 49.3606][ 49.6712][ 50.0305][ 50.4401][ 50.9022][ 51.4189][ 51.9927][ 52.6263][ 53.3227][ 54.0851][  54.917][ 55.8221][ 56.8043][ 57.8677][ 59.0166][ 60.2552][  61.588][ 63.0192][ 64.5531][ 66.1934][ 67.9434][ 69.8059][ 71.7827][ 73.8745][ 76.0804][ 78.3983][ 80.8236][ 83.3502][ 85.9694][ 88.6702][ 91.4396][ 94.2625][ 97.1219][     100]
[     100][  97.314][ 94.6439][ 92.0052][ 89.4126][ 86.8791][ 84.4166][ 82.0348][ 79.7418][ 77.5437][ 75.4451][ 73.4486][ 71.5557][ 69.7664][ 68.0798][ 66.4942][  65.007][ 63.6153][ 62.3158][ 61.1051][ 59.9794][  58.935][ 57.9683][ 57.0758][ 56.2539][ 55.4994][ 54.8092][ 54.1803][ 53.6101][ 53.0961][ 52.6359][ 52.2275][  51.869][ 51.5589][ 51.2957][ 51.0783][ 50.9055][ 50.7766][  50.691][ 50.6483][ 50.6484][ 50.6911][ 50.7767][ 50.9057][ 51.0785][ 51.2961][ 51.5593][ 51.8695][ 52.2279][ 52.6364][ 53.0966][ 53.6108][  54.181][ 54.8099][ 55.5002][ 56.2547][ 57.0766][ 57.9692][ 58.9358][ 59.9802][ 61.1059][ 62.3167][ 63.6162][ 65.0078][  66.495][ 68.0806][ 69.7672][ 71.5565][ 73.4493][ 75.4458][ 77.5444][ 79.7424][ 82.0353][ 84.4171][ 86.8796][ 89.4129][ 92.0055][ 94.6441][ 97.3141][     100]
[     100][ 97.4902][ 94.9941][ 92.5252][ 90.0961][ 87.7185][ 85.4027][ 83.1577][ 80.9909][ 78.9083][ 76.9142][ 75.0117][ 73.2026][ 71.4875][ 69.8662][ 68.3377][ 66.9001][ 65.5513][ 64.2887][ 63.1095][ 62.0106][ 60.9889][ 60.0413][ 59.1648][ 58.3562][ 57.6128][ 56.9316][ 56.3101][ 55.7459][ 55.2367][ 54.7804][ 54.3751][ 54.0191][ 53.7108][ 53.4491][ 53.2326][ 53.0606][ 52.9323][  52.847][ 52.8045][ 52.8046][ 52.8471][ 52.9324][ 53.0608][ 53.2329][ 53.4494][ 53.7112][ 54.0195][ 54.3756][ 54.7809][ 55.2373][ 55.7466][ 56.3108][ 56.9323][ 57.6135][  58.357][ 59.1656][ 60.0422][ 60.9897][ 62.0114][ 63.1103][ 64.2896][ 65.5522][  66.901][ 68.3385][ 69.8671][ 71.4883][ 73.2034][ 75.0125][ 76.9149][  78.909][ 80.9916][ 83.1583][ 85.4032][ 87.7189][ 90.0964][ 92.5254][ 94.9943][ 97.4902][     100]
[     100][ 97.6526][ 95.3171][ 93.0053][ 90.7281][  88.496][ 86.3181][ 84.2025][  82.156][ 80.1844][ 78.2918][ 76.4815][ 74.7555][ 73.1149][   71.56][ 70.0902][ 68.7045][ 67.4012][ 66.1783][ 65.0336][ 63.9646][ 62.9688][ 62.0434][ 61.1859][ 60.3935][ 59.6639][ 58.9944][ 58.3828][ 57.8269][ 57.3246][ 56.8741][ 56.4735][ 56.1214][ 55.8164][ 55.5571][ 55.3427][ 55.1722][  55.045][ 54.9605][ 54.9183][ 54.9183][ 54.9606][ 55.0451][ 55.1725][  55.343][ 55.5575][ 55.8167][ 56.1219][  56.474][ 56.8746][ 57.3252][ 57.8276][ 58.3835][ 58.9951][ 59.6646][ 60.3943][ 61.1867][ 62.0442][ 62.9696][ 63.9655][ 65.0345][ 66.1792][ 67.4021][ 68.7054][ 70.0911][ 71.5609][ 73.1158][ 74.7563][ 76.4822][ 78.2925][  80.185][ 82.1567][  84.203][ 86.3186][ 88.4964][ 90.7285][ 93.0055][ 95.3173][ 97.6527][     100]
[     100][  97.803][ 95.6165][ 93.4507][ 91.3152][ 89.2193][ 87.1712][ 85.1781][ 83.2464][ 81.3814][ 79.5872][  77.867][ 76.2231][ 74.6568][ 73.1687][ 71.7589][ 70.4266][ 69.1707][ 67.9898][ 66.8821][ 65.8456][ 64.8782][ 63.9777][ 63.1418][ 62.3683][ 61.6549][ 60.9994][ 60.3999][ 59.8544][ 59.3609][ 58.9178][ 58.5236][ 58.1768][ 57.8762][ 57.6206][  57.409][ 57.2407][ 57.1151][ 57.0316][   56.99][   56.99][ 57.0317][ 57.1153][  57.241][ 57.4093][ 57.6209][ 57.8766][ 58.1773][ 58.5241][ 58.9184][ 59.3615][  59.855][ 60.4006][ 61.0002][ 61.6556][ 62.3691][ 63.1427][ 63.9786][ 64.8791][ 65.8465][  66.883][ 67.9907][ 69.1716][ 70.4274][ 71.7598][ 73.1696][ 74.6576][ 76.2239][ 77.8678][ 79.5879][  81.382][  83.247][ 85.1787][ 87.1717][ 89.2197][ 91.3156][  93.451][ 95.6167][ 97.8031][     100]
[     100][ 97.9431][ 95.8953][ 93.8657][ 91.8629][ 89.8949][ 87.9692][ 86.0924][ 84.2702][ 82.5076][ 80.8086][ 79.1763][ 77.6131][ 76.1205][ 74.6994][   73.35][ 72.0723][ 70.8653][ 69.7282][ 68.6595][ 67.6577][  66.721][ 65.8476][ 65.0356][  64.283][  63.588][ 62.9487][ 62.3632][ 61.8298][ 61.3469][ 60.9129][ 60.5265][ 60.1862][ 59.8911][   59.64][ 59.4322][ 59.2667][ 59.1432][ 59.0611][ 59.0202][ 59.0202][ 59.0612][ 59.1434][  59.267][ 59.4324][ 59.6404][ 59.8915][ 60.1867][  60.527][ 60.9135][ 61.3475][ 61.8305][ 62.3639][ 62.9494][ 63.5888][ 64.2838][ 65.0364][ 65.8484][ 66.7218][ 67.6585][ 68.6604][ 69.7291][ 70.8662][ 72.0732][ 73.3509][ 74.7002][ 76.1213][ 77.6139][ 79.1771][ 80.8093][ 82.5083][ 84.2708][ 86.0929][ 87.9697][ 89.8953][ 91.8632][  93.866][ 95.8955][ 97.9432][     100]
[     100][ 98.0739][ 96.1559][  94.254][ 92.3757][ 90.5283][ 88.7184][  86.952][ 85.2345][ 83.5703][ 81.9633][ 80.4166][ 78.9325][ 77.5127][ 76.1583][ 74.8697][ 73.6472][ 72.4903][ 71.3982][ 70.3701][ 69.4046][ 68.5005][ 67.6561][ 66.8699][ 66.1403][ 65.4656][ 64.8442][ 64.2745][ 63.7549][ 63.2841][ 62.8606][ 62.4832][ 62.1507][ 61.8621][ 61.6164][  61.413][  61.251][   61.13][ 61.0496][ 61.0094][ 61.0095][ 61.0497][ 61.1302][ 61.2512][ 61.4132][ 61.6168][ 61.8625][ 62.1511][ 62.4837][ 62.8611][ 63.2847][ 63.7556][ 64.2752][ 64.8449][ 65.4664][ 66.1411][ 66.8708][  67.657][ 68.5013][ 69.4055][  70.371][ 71.3991][ 72.4912][ 73.6481][ 74.8706][ 76.1591][ 77.5135][ 78.9333][ 80.4174][  81.964][  83.571][ 85.2351][ 86.9526][ 88.7189][ 90.5287][  92.376][ 94.2542][ 96.1561][  98.074][     100]
[     100][ 98.1967][ 96.4005][ 94.6186][ 92.8576][ 91.1241][ 89.4241][ 87.7629][ 86.1454][ 84.5758][ 83.0578][ 81.5943][ 80.1877][ 78.8396][ 77.5513][ 76.3236][ 75.1566][ 74.0504][ 73.0044][ 72.0181][ 71.0904][ 70.2203][ 69.4066][ 68.6479][ 67.9428][   67.29][ 66.6881][ 66.1357][ 65.6314][  65.174][ 64.7623][ 64.3951][ 64.0713][ 63.7902][ 63.5508][ 63.3524][ 63.1944][ 63.0764][ 62.9979][ 62.9587][ 62.9587][  62.998][ 63.0765][ 63.1946][ 63.3527][ 63.5511][ 63.7906][ 64.0718][ 64.3956][ 64.7628][ 65.1746][ 65.6321][ 66.1364][ 66.6889][ 67.2908][ 67.9436][ 68.6487][ 69.4074][ 70.2212][ 71.0913][  72.019][ 73.0053][ 74.0513][ 75.1575][ 76.3244][ 77.5522][ 78.8404][ 80.1885][ 81.5951][ 83.0586][ 84.5765][  86.146][ 87.7634][ 89.4246][ 91.1246][  92.858][ 94.6188][ 96.4007][ 98.1968][     100]
[     100][ 98.3123][ 96.6309][ 94.9622][ 93.3121][ 91.6866][ 90.0909][   88.53][ 87.0084][ 85.5299][ 84.0979][ 82.7153][ 81.3843][ 80.1068][ 78.8839][ 77.7166][ 76.6054][ 75.5503][ 74.5511][ 73.6075][ 72.7187][ 71.8839][ 71.1021][ 70.3722][ 69.6931][ 69.0637][ 68.4827][ 67.9489][ 67.4612][ 67.0184][ 66.6196][ 66.2636][ 65.9496][ 65.6767][ 65.4442][ 65.2515][  65.098][ 64.9833][  64.907][ 64.8689][ 64.8689][ 64.9071][ 64.9834][ 65.0982][ 65.2518][ 65.4446][ 65.6771][   65.95][ 66.2641][ 66.6201][  67.019][ 67.4618][ 67.9496][ 68.4834][ 69.0645][ 69.6939][  70.373][ 71.1029][ 71.8847][ 72.7196][ 73.6084][  74.552][ 75.5512][ 76.6063][ 77.7175][ 78.8848][ 80.1076][ 81.3851][ 82.7161][ 84.0987][ 85.5306][  87.009][ 88.5306][ 90.0914][  91.687][ 93.3125][ 94.9624][ 96.6311][ 98.3123][     100]
[     100][ 98.4215][ 96.8486][ 95.2871][ 93.7422][ 92.2193][  90.723][  89.258][ 87.8283][ 86.4375][ 85.0887][ 83.7847][ 82.5276][ 81.3193][  80.161][ 79.0538][ 77.9981][ 76.9943][ 76.0424][ 75.1422][ 74.2931][ 73.4945][ 72.7457][ 72.0459][  71.394][ 70.7891][ 70.2301][ 69.7161][ 69.2461][ 68.8191][ 68.4341][ 68.0903][ 67.7868][ 67.5229][ 67.2981][ 67.1116][  66.963][ 66.8519][  66.778][ 66.7411][ 66.7411][ 66.7781][  66.852][ 66.9632][ 67.1118][ 67.2984][ 67.5233][ 67.7872][ 68.0907][ 68.4346][ 68.8197][ 69.2468][ 69.7168][ 70.2308][ 70.7898][ 71.3947][ 72.0467][ 72.7466][ 73.4954][ 74.2939][  75.143][ 76.0433][ 76.9952][  77.999][ 79.0546][ 80.1618][ 81.3201][ 82.5284][ 83.7855][ 85.0894][ 86.4381][ 87.8289][ 89.2586][ 90.7235][ 92.2197][ 93.7426][ 95.2873][ 96.8488][ 98.4216][     100]
[     100][  98.525][ 97.0551][ 95.5953][ 94.1504][ 92.7252][ 91.3239][ 89.9507][ 88.6093][ 87.3031][ 86.0348][ 84.8072][ 83.6223][ 82.4818][ 81.3872][ 80.3393][  79.339][ 78.3866][ 77.4822][ 76.6258][  75.817][ 75.0555][ 74.3406][ 73.6716][ 73.0479][ 72.4685][ 71.9327][ 71.4395][ 70.9882][ 70.5778][ 70.2075][ 69.8767][ 69.5845][ 69.3303][ 69.1136][ 68.9338][ 68.7905][ 68.6834][ 68.6121][ 68.5765][ 68.5765][ 68.6122][ 68.6835][ 68.7907][ 68.9341][ 69.1139][ 69.3307][ 69.5849][ 69.8772][ 70.2081][ 70.5784][ 70.9888][ 71.4402][ 71.9334][ 72.4693][ 73.0487][ 73.6724][ 74.3414][ 75.0563][ 75.8179][ 76.6266][ 77.4831][ 78.3874][ 79.3398][ 80.3402][  81.388][ 82.4826][ 83.6231][ 84.8079][ 86.0355][ 87.3037][ 88.6099][ 89.9513][ 91.3244][ 92.7256][ 94.1508][ 95.5956][ 97.0553][ 98.5251][     100]
[     100][ 98.6235][ 97.2515][ 95.8886][ 94.5391][ 93.2071][ 91.8968][ 90.6117][ 89.3553][ 88.1306][ 86.9404][ 85.7871][ 84.6726][ 83.5986][ 82.5666][ 81.5775][ 80.6321][ 79.7309][ 78.8741][ 78.0618][ 77.2938][ 76.5699][ 75.8896][ 75.2523][ 74.6576][ 74.1046][ 73.5927][ 73.1212][ 72.6894][ 72.2964][ 71.9417][ 71.6245][ 71.3443][ 71.1004][ 70.8924][ 70.7197][ 70.5821][ 70.4791][ 70.4106][ 70.3764][ 70.3765][ 70.4107][ 70.4793][ 70.5823][   70.72][ 70.8927][ 71.1008][ 71.3447][  71.625][ 71.9422][  72.297][   72.69][ 73.1219][ 73.5934][ 74.1053][ 74.6583][ 75.2531][ 75.8904][ 76.5707][ 77.2946][ 78.0626][ 78.8749][ 79.7317][ 80.6329][ 81.5783][ 82.5674][ 83.5994][ 84.6733][ 85.7878][ 86.9411][ 88.1313][ 89.3559][ 90.6123][ 91.8973][ 93.2076][ 94.5394][ 95.8888][ 97.2517][ 98.6236][     100]
[     100][ 98.7174][ 97.4389][ 96.1685][ 94.9101][ 93.6676][ 92.4444][ 91.2441][ 90.0696][ 88.9238][ 87.8092][ 86.7281][ 85.6823][ 84.6735][ 83.7031][  82.772][  81.881][ 81.0308][ 80.2216][ 79.4536][ 78.7267][ 78.0408][ 77.3956][ 76.7906][ 76.2255][ 75.6997][ 75.2125][ 74.7634][ 74.3518][  73.977][ 73.6385][ 73.3356][ 73.0679][ 72.8348][ 72.6359][ 72.4707][  72.339][ 72.2405][  72.175][ 72.1423][ 72.1423][ 72.1751][ 72.2407][ 72.3392][  72.471][ 72.6362][ 72.8351][ 73.0683][ 73.3361][  73.639][ 73.9775][ 74.3524][  74.764][ 75.2132][ 75.7004][ 76.2262][ 76.7914][ 77.3963][ 78.0416][ 78.7275][ 79.4544][ 80.2224][ 81.0316][ 81.8818][ 82.7728][ 83.7039][ 84.6743][  85.683][ 86.7288][ 87.8099][ 88.9244][ 90.0701][ 91.2446][ 92.4449][  93.668][ 94.9104][ 96.1687][ 97.4391][ 98.7175][     100]
[     100][ 98.8072][ 97.6181][ 96.4363][ 95.2654][ 94.1086][ 92.9693][ 91.8506][ 90.7552][ 89.6857][ 88.6446][ 87.6338][ 86.6552][ 85.7102][ 84.8003][ 83.9264][ 83.0894][ 82.2898][  81.528][ 80.8043][ 80.1187][ 79.4711][ 78.8614][ 78.2892][ 77.7543][ 77.2561][ 76.7943][ 76.3682][ 75.9774][ 75.6214][ 75.2996][ 75.0116][ 74.7569][ 74.5351][ 74.3457][ 74.1884][  74.063][ 73.9691][ 73.9066][ 73.8754][ 73.8755][ 73.9067][ 73.9692][ 74.0631][ 74.1886][  74.346][ 74.5354][ 74.7573][ 75.0121][ 75.3001][ 75.6219][  75.978][ 76.3688][ 76.7949][ 77.2568][  77.755][   78.29][ 78.8621][ 79.4719][ 80.1194][  80.805][ 81.5288][ 82.2905][ 83.0901][ 83.9272][ 84.8011][  85.711][ 86.6559][ 87.6345][ 88.6452][ 89.6863][ 90.7557][ 91.8511][ 92.9698][  94.109][ 95.2657][ 96.4366][ 97.6183][ 98.8073][     100]
[     100][ 98.8934][ 97.7901][ 96.6934][ 95.6064][ 94.5322][ 93.4737][ 92.4338][ 91.4149][ 90.4195][ 89.4497][ 88.5074][ 87.5943][  86.712][ 85.8616][ 85.0441][ 84.2603][  83.511][ 82.7964][ 82.1169][ 81.4727][ 80.8636][ 80.2897][ 79.7507][ 79.2464][ 78.7764][ 78.3403][ 77.9378][ 77.5684][ 77.2317][ 76.9272][ 76.6545][ 76.4132][  76.203][ 76.0235][ 75.8744][ 75.7554][ 75.6664][ 75.6071][ 75.5775][ 75.5775][ 75.6072][ 75.6665][ 75.7556][ 75.8746][ 76.0238][ 76.2033][ 76.4136][ 76.6549][ 76.9276][ 77.2322][  77.569][ 77.9384][  78.341][ 78.7771][ 79.2471][ 79.7514][ 80.2904][ 80.8644][ 81.4734][ 82.1177][ 82.7971][ 83.5117][ 84.2611][ 85.0448][ 85.8623][ 86.7127][  87.595][  88.508][ 89.4503][   90.42][ 91.4154][ 92.4342][ 93.4742][ 94.5326][ 95.6067][ 96.6936][ 97.7903][ 98.8935][     100]
[     100][ 98.9763][ 97.9556][ 96.9408][ 95.9347][ 94.9401][ 93.9597][ 92.9959][ 92.0512][ 91.1276][ 90.2272][ 89.3518][ 88.5029][ 87.6819][ 86.8899][  86.128][  85.397][ 84.6974][ 84.0298][ 83.3944][ 82.7915][ 82.2211][ 81.6832][ 81.1777][ 80.7043][ 80.2628][  79.853][ 79.4744][ 79.1268][ 78.8098][  78.523][  78.266][ 78.0386][ 77.8403][  77.671][ 77.5303][  77.418][  77.334][  77.278][ 77.2501][ 77.2501][ 77.2781][ 77.3341][ 77.4182][ 77.5305][ 77.6712][ 77.8406][ 78.0389][ 78.2664][ 78.5234][ 78.8103][ 79.1273][  79.475][ 79.8536][ 80.2634][ 80.7049][ 81.1783][ 81.6839][ 82.2218][ 82.7922][ 83.3952][ 84.0305][ 84.6981][ 85.3977][ 86.1287][ 86.8906][ 87.6825][ 88.5035][ 89.3524][ 90.2278][ 91.1282][ 92.0517][ 92.9964][ 93.9601][ 94.9404][ 95.9349][  96.941][ 97.9558][ 98.9764][     100]
[     100][ 99.0563][ 98.1152][ 97.1794][ 96.2514][ 95.3338][ 94.4289][  93.539][ 92.6663][ 91.8126][ 90.9799][ 90.1697][ 89.3836][ 88.6227][ 87.8883][ 87.1812][ 86.5022][  85.852][  85.231][ 84.6396][ 84.0779][ 83.5462][ 83.0444][ 82.5725][ 82.1303][ 81.7177][ 81.3344][ 80.9802][ 80.6547][ 80.3578][  80.089][ 79.8481][ 79.6348][ 79.4488][ 79.2899][ 79.1579][ 79.0525][ 78.9736][  78.921][ 78.8948][ 78.8948][ 78.9211][ 78.9737][ 79.0526][ 79.1581][ 79.2902][ 79.4491][ 79.6352][ 79.8485][ 80.0894][ 80.3582][ 80.6552][ 80.9807][  81.335][ 81.7183][ 82.1309][ 82.5731][ 83.0451][ 83.5469][ 84.0786][ 84.6403][ 85.2317][ 85.8527][ 86.5029][ 87.1819][ 87.8889][ 88.6234][ 89.3842][ 90.1703][ 90.9805][ 91.8132][ 92.6668][ 93.5395][ 94.4293][ 95.3341][ 96.2517][ 97.1796][ 98.1153][ 99.0563][     100]
[     100][ 99.1336][ 98.2695][ 97.4102][ 96.5579][ 95.7148][ 94.8832][ 94.0651][ 93.2624][ 92.4768][ 91.7101][ 90.9637][  90.239][ 89.5372][ 88.8594][ 88.2063][ 87.5788][ 86.9774][ 86.4027][  85.855][ 85.3345][ 84.8414][ 84.3758][ 83.9377][ 83.5269][ 83.1433][ 82.7868][ 82.4572][ 82.1543][ 81.8777][ 81.6272][ 81.4027][ 81.2038][ 81.0304][ 80.8821][ 80.7589][ 80.6605][ 80.5869][ 80.5378][ 80.5133][ 80.5134][ 80.5379][  80.587][ 80.6607][ 80.7591][ 80.8824][ 81.0307][ 81.2042][ 81.4031][ 81.6277][ 81.8781][ 82.1547][ 82.4577][ 82.7874][ 83.1439][ 83.5275][ 83.9383][ 84.3765][ 84.8421][ 85.3352][ 85.8556][ 86.4034][ 86.9781][ 87.5794][ 88.2069][   88.86][ 89.5378][ 90.2396][ 90.9643][ 91.7106][ 92.4773][ 93.2628][ 94.0655][ 94.8836][ 95.7152][ 96.5581][ 97.4104][ 98.2696][ 99.1336][     100]
[     100][ 99.2085][ 98.4191][ 97.6339][ 96.8551][ 96.0845][ 95.3241][ 94.5758][ 93.8412][ 93.1221][ 92.4199][  91.736][ 91.0716][ 90.4279][ 89.8057][ 89.2059][ 88.6292][ 88.0763][ 87.5475][ 87.0432][ 86.5638][ 86.1093][ 85.6799][ 85.2755][ 84.8963][  84.542][ 84.2125][ 83.9077][ 83.6275][ 83.3715][ 83.1397][ 82.9318][ 82.7475][ 82.5868][ 82.4494][ 82.3352][  82.244][ 82.1757][ 82.1302][ 82.1075][ 82.1075][ 82.1302][ 82.1758][ 82.2441][ 82.3354][ 82.4496][ 82.5871][ 82.7478][ 82.9321][ 83.1401][ 83.3719][ 83.6279][ 83.9082][  84.213][ 84.5425][ 84.8968][ 85.2761][ 85.6805][ 86.1099][ 86.5644][ 87.0438][ 87.5481][ 88.0769][ 88.6298][ 89.2065][ 89.8062][ 90.4284][ 91.0722][ 91.7366][ 92.4204][ 93.1226][ 93.8417][ 94.5762][ 95.3244][ 96.0848][ 96.8553][ 97.6341][ 98.4192][ 99.2086][     100]
[     100][ 99.2813][ 98.5645][ 97.8514][  97.144][ 96.4439][ 95.7529][ 95.0727][ 94.4048][ 93.7506][ 93.1116][ 92.4889][ 91.8837][ 91.2969][ 90.7296][ 90.1824][  89.656][  89.151][ 88.6678][ 88.2067][ 87.7681][ 87.3521][ 86.9589][ 86.5884][ 86.2407][ 85.9158][ 85.6135][ 85.3338][ 85.0764][ 84.8413][ 84.6283][ 84.4372][ 84.2678][   84.12][ 83.9936][ 83.8885][ 83.8046][ 83.7417][ 83.6999][ 83.6789][  83.679][ 83.6999][ 83.7418][ 83.8047][ 83.8887][ 83.9938][ 84.1202][ 84.2681][ 84.4375][ 84.6287][ 84.8417][ 85.0769][ 85.3342][  85.614][ 85.9163][ 86.2413][ 86.5889][ 86.9594][ 87.3527][ 87.7687][ 88.2073][ 88.6684][ 89.1516][ 89.6566][  90.183][ 90.7301][ 91.2975][ 91.8842][ 92.4894][  93.112][  93.751][ 94.4052][  95.073][ 95.7532][ 96.4442][ 97.1442][ 97.8516][ 98.5646][ 99.2814][     100]
[     100][ 99.3522][ 98.7061][ 98.0633][ 97.4255][ 96.7942][  96.171][ 95.5573][ 94.9545][  94.364][ 93.7868][ 93.2243][ 92.6773][ 92.1467][ 91.6334][ 91.1382][ 90.6615][  90.204][  89.766][ 89.3479][ 88.9499][ 88.5723][ 88.2152][ 87.8786][ 87.5626][ 87.2671][ 86.9921][ 86.7375][ 86.5032][ 86.2891][ 86.0951][ 85.9209][ 85.7665][ 85.6318][ 85.5166][ 85.4207][ 85.3442][ 85.2868][ 85.2487][ 85.2296][ 85.2296][ 85.2487][ 85.2869][ 85.3443][ 85.4209][ 85.5168][  85.632][ 85.7668][ 85.9212][ 86.0954][ 86.2895][ 86.5036][ 86.7379][ 86.9925][ 87.2675][  87.563][ 87.8791][ 88.2157][ 88.5728][ 88.9504][ 89.3484][ 89.7665][ 90.2045][  90.662][ 91.1387][ 91.6339][ 92.1472][ 92.6777][ 93.2247][ 93.7873][ 94.3644][ 94.9549][ 95.5576][ 96.1713][ 96.7945][ 97.4257][ 98.0635][ 98.7062][ 99.3523][     100]
[     100][ 99.4215][ 98.8444][ 98.2703][ 97.7005][ 97.1365][ 96.5796][  96.031][ 95.4921][ 94.9639][ 94.4476][ 93.9441][ 93.4544][ 92.9792][ 92.5193][ 92.0754][ 91.6479][ 91.2374][ 90.8443][ 90.4689][ 90.1114][ 89.7721][  89.451][ 89.1482][ 88.8639][ 88.5979][ 88.3503][  88.121][ 87.9099][  87.717][  87.542][  87.385][ 87.2457][ 87.1242][ 87.0202][ 86.9337][ 86.8646][ 86.8129][ 86.7784][ 86.7612][ 86.7612][ 86.7785][  86.813][ 86.8647][ 86.9339][ 87.0204][ 87.1244][  87.246][ 87.3853][ 87.5423][ 87.7173][ 87.9103][ 88.1214][ 88.3507][ 88.5983][ 88.8643][ 89.1487][ 89.4514][ 89.7725][ 90.1119][ 90.4694][ 90.8448][ 91.2379][ 91.6484][ 92.0758][ 92.5198][ 92.9797][ 93.4548][ 93.9445][  94.448][ 94.9643][ 95.4924][ 96.0313][ 96.5799][ 97.1368][ 97.7007][ 98.2705][ 98.8445][ 99.4215][     100]
[     100][ 99.4893][ 98.9798][ 98.4729][ 97.9698][ 97.4717][ 96.9798][ 96.4952][ 96.0189][ 95.5521][ 95.0956][ 94.6503][  94.217][ 93.7965][ 93.3893][ 92.9961][ 92.6174][ 92.2536][  91.905][  91.572][ 91.2548][ 90.9536][ 90.6685][ 90.3996][ 90.1469][ 89.9105][ 89.6903][ 89.4864][ 89.2986][ 89.1269][ 88.9711][ 88.8313][ 88.7073][  88.599][ 88.5064][ 88.4294][ 88.3678][ 88.3217][  88.291][ 88.2757][ 88.2757][  88.291][ 88.3218][ 88.3679][ 88.4295][ 88.5066][ 88.5992][ 88.7075][ 88.8316][ 88.9714][ 89.1271][ 89.2989][ 89.4867][ 89.6907][ 89.9108][ 90.1473][ 90.3999][ 90.6689][  90.954][ 91.2552][ 91.5724][ 91.9054][  92.254][ 92.6178][ 92.9965][ 93.3897][ 93.7969][ 94.2174][ 94.6507][ 95.0959][ 95.5524][ 96.0192][ 96.4955][   96.98][ 97.4719][   97.97][ 98.4731][ 98.9799][ 99.4893][     100]
[     100][ 99.5558][ 99.1127][ 98.6718][ 98.2341][ 97.8008][ 97.3727][  96.951][ 96.5364][ 96.1299][ 95.7324][ 95.3445][ 94.9669][ 94.6004][ 94.2454][ 93.9024][  93.572][ 93.2545][ 92.9502][ 92.6594][ 92.3823][  92.119][ 91.8698][ 91.6347][ 91.4137][ 91.2068][ 91.0142][ 90.8356][ 90.6712][ 90.5208][ 90.3844][ 90.2619][ 90.1532][ 90.0583][ 89.9771][ 89.9096][ 89.8556][ 89.8152][ 89.7883][ 89.7748][ 89.7748][ 89.7883][ 89.8153][ 89.8557][ 89.9097][ 89.9773][ 90.0585][ 90.1534][ 90.2621][ 90.3846][  90.521][ 90.6715][ 90.8359][ 91.0145][ 91.2072][  91.414][  91.635][ 91.8702][ 92.1194][ 92.3827][ 92.6598][ 92.9506][ 93.2549][ 93.5724][ 93.9028][ 94.2457][ 94.6007][ 94.9673][ 95.3448][ 95.7327][ 96.1302][ 96.5367][ 96.9512][ 97.3729][  97.801][ 98.2343][ 98.6719][ 99.1128][ 99.5558][     100]
[     100][ 99.6212][ 99.2434][ 98.8674][ 98.4941][ 98.1245][ 97.7594][ 97.3995][ 97.0458][ 96.6989][ 96.3595][ 96.0283][ 95.7058][ 95.3927][ 95.0894][ 94.7963][ 94.5138][ 94.2422][ 93.9819][ 93.7331][ 93.4959][ 93.2705][ 93.0571][ 92.8557][ 92.6663][ 92.4891][ 92.3239][ 92.1708][ 92.0298][ 91.9008][ 91.7838][ 91.6786][ 91.5854][  91.504][ 91.4343][ 91.3763][ 91.3299][ 91.2952][ 91.2721][ 91.2605][ 91.2606][ 91.2721][ 91.2953][   91.33][ 91.3764][ 91.4344][ 91.5041][ 91.5856][ 91.6788][  91.784][  91.901][   92.03][ 92.1711][ 92.3242][ 92.4893][ 92.6666][  92.856][ 93.0574][ 93.2709][ 93.4962][ 93.7334][ 93.9823][ 94.2426][ 94.5141][ 94.7966][ 95.0897][  95.393][ 95.7061][ 96.0286][ 96.3598][ 96.6991][  97.046][ 97.3998][ 97.7596][ 98.1247][ 98.4943][ 98.8675][ 99.2435][ 99.6213][     100]
[     100][ 99.6857][ 99.3722][ 99.0603][ 98.7505][ 98.4438][ 98.1407][ 97.8421][ 97.5484][ 97.2603][ 96.9785][ 96.7034][ 96.4355][ 96.1753][ 95.9232][ 95.6795][ 95.4446][ 95.2188][ 95.0022][ 94.7952][ 94.5978][ 94.4101][ 94.2324][ 94.0647][ 93.9069][ 93.7592][ 93.6216][  93.494][ 93.3764][ 93.2689][ 93.1713][ 93.0836][ 93.0058][ 92.9379][ 92.8797][ 92.8313][ 92.7927][ 92.7637][ 92.7444][ 92.7348][ 92.7348][ 92.7444][ 92.7637][ 92.7927][ 92.8314][ 92.8798][  92.938][  93.006][ 93.0838][ 93.1714][  93.269][ 93.3766][ 93.4942][ 93.6218][ 93.7595][ 93.9072][ 94.0649][ 94.2327][ 94.4104][  94.598][ 94.7954][ 95.0025][ 95.2191][ 95.4449][ 95.6798][ 95.9234][ 96.1755][ 96.4357][ 96.7036][ 96.9787][ 97.2605][ 97.5486][ 97.8422][ 98.1409][ 98.4439][ 98.7506][ 99.0603][ 99.3723][ 99.6858][     100]
[     100][ 99.7495][ 99.4996][ 99.2509][ 99.0039][ 98.7594][ 98.5177][ 98.2796][ 98.0453][ 97.8156][ 97.5908][ 97.3713][ 97.1575][ 96.9498][ 96.7486][  96.554][ 96.3664][  96.186][  96.013][ 95.8476][ 95.6898][ 95.5399][ 95.3978][ 95.2637][ 95.1375][ 95.0194][ 94.9093][ 94.8072][ 94.7131][  94.627][ 94.5489][ 94.4787][ 94.4164][  94.362][ 94.3155][ 94.2767][ 94.2457][ 94.2225][ 94.2071][ 94.1994][ 94.1994][ 94.2071][ 94.2226][ 94.2458][ 94.2768][ 94.3155][ 94.3621][ 94.4165][ 94.4788][  94.549][ 94.6271][ 94.7132][ 94.8073][ 94.9094][ 95.0196][ 95.1377][ 95.2639][  95.398][ 95.5401][ 95.6901][ 95.8478][ 96.0133][ 96.1863][ 96.3666][ 96.5542][ 96.7488][   96.95][ 97.1577][ 97.3714][ 97.5909][ 97.8158][ 98.0455][ 98.2797][ 98.5179][ 98.7595][  99.004][ 99.2509][ 99.4996][ 99.7495][     100]
[     100][ 99.8126][ 99.6257][ 99.4397][  99.255][ 99.0721][ 98.8913][ 98.7131][ 98.5379][ 98.3659][ 98.1977][ 98.0334][ 97.8734][ 97.7179][ 97.5672][ 97.4215][ 97.2811][ 97.1459][ 97.0163][ 96.8924][ 96.7742][ 96.6618][ 96.5553][ 96.4547][ 96.3601][ 96.2715][ 96.1889][ 96.1124][ 96.0418][ 95.9772][ 95.9186][ 95.8659][ 95.8192][ 95.7784][ 95.7434][ 95.7143][ 95.6911][ 95.6737][ 95.6621][ 95.6563][ 95.6563][ 95.6621][ 95.6737][ 95.6911][ 95.7144][ 95.7435][ 95.7784][ 95.8193][  95.866][ 95.9187][ 95.9773][ 96.0419][ 96.1125][ 96.1891][ 96.2717][ 96.3603][ 96.4548][ 96.5554][ 96.6619][ 96.7743][ 96.8925][ 97.0165][ 97.1461][ 97.2812][ 97.4217][ 97.5674][ 97.7181][ 97.8735][ 98.0335][ 98.1978][ 98.3661][  98.538][ 98.7132][ 98.8914][ 99.0721][ 99.2551][ 99.4397][ 99.6258][ 99.8127][     100]
[     100][ 99.8753][  99.751][ 99.6272][ 99.5043][ 99.3826][ 99.2623][ 99.1437][ 99.0271][ 98.9126][ 98.8007][ 98.6913][ 98.5848][ 98.4813][ 98.3809][ 98.2839][ 98.1903][ 98.1003][  98.014][ 97.9314][ 97.8527][ 97.7778][ 97.7068][ 97.6398][ 97.5767][ 97.5177][ 97.4626][ 97.4116][ 97.3645][ 97.3214][ 97.2824][ 97.2472][ 97.2161][ 97.1888][ 97.1655][ 97.1461][ 97.1306][  97.119][ 97.1113][ 97.1074][ 97.1074][ 97.1113][  97.119][ 97.1306][ 97.1462][ 97.1656][ 97.1889][ 97.2161][ 97.2473][ 97.2824][ 97.3215][ 97.3646][ 97.4116][ 97.4627][ 97.5178][ 97.5768][ 97.6399][ 97.7069][ 97.7779][ 97.8528][ 97.9315][ 98.0141][ 98.1005][ 98.1904][  98.284][  98.381][ 98.4814][ 98.5849][ 98.6914][ 98.8007][ 98.9127][ 99.0272][ 99.1438][ 99.2623][ 99.3826][ 99.5043][ 99.6272][  99.751][ 99.8753][     100]
[     100][ 99.9377][ 99.8756][ 99.8138][ 99.7524][ 99.6916][ 99.6316][ 99.5723][ 99.5141][ 99.4569][  99.401][ 99.3464][ 99.2931][ 99.2414][ 99.1913][ 99.1428][ 99.0961][ 99.0511][ 99.0079][ 98.9667][ 98.9273][ 98.8899][ 98.8544][ 98.8209][ 98.7894][ 98.7598][ 98.7323][ 98.7068][ 98.6832][ 98.6617][ 98.6422][ 98.6246][  98.609][ 98.5954][ 98.5837][  98.574][ 98.5663][ 98.5605][ 98.5566][ 98.5547][ 98.5547][ 98.5566][ 98.5605][ 98.5663][ 98.5741][ 98.5838][ 98.5954][  98.609][ 98.6246][ 98.6422][ 98.6617][ 98.6833][ 98.7068][ 98.7323][ 98.7599][ 98.7894][ 98.8209][ 98.8544][ 98.8899][ 98.9273][ 98.9667][  99.008][ 99.0511][ 99.0961][ 99.1429][ 99.1913][ 99.2415][ 99.2932][ 99.3464][  99.401][  99.457][ 99.5141][ 99.5724][ 99.6316][ 99.6917][ 99.7525][ 99.8138][ 99.8756][ 99.9377][     100]
[     100][     100][     100][     100][     100][     100][     100][     100][     100][     100][     100][     100][     100][     100][     100][     100][     100][     100][     100][     100][     100][     100][     100][     100][     100][     100][     100][     100][     100][     100][     100][     100][     100][     100][     100][     100][     100][     100][     100][     100][     100][     100][     100][     100][     100][     100][     100][     100][     100][     100][     100][     100][     100][     100][     100][     100][     100][     100][     100][     100][     100][     100][     100][     100][     100][     100][     100][     100][     100][     100][     100][     100][     100][     100][     100][     100][     100][     100][     100][     100]
