[       0][       0][       0][       0][       0][       0][       0][       0][       0][       0][       0][       0][       0][       0][       0]
[     100][ 50.7338][ 31.7147][ 23.1888][ 18.9103][ 16.6523][ 15.5335][ 15.1968][ 15.5438][ 16.6715][ 18.9353][ 23.2155][  31.738][ 50.7482][     100]
[     100][ 71.2325][ 52.9554][ 42.1553][ 35.8293][ 32.1968][ 30.3168][ 29.7408][ 30.3355][ 32.2313][ 35.8743][ 42.2034][ 52.9973][ 71.2585][     100]
[     100][ 81.2594][ 66.7481][ 56.6852][ 50.0978][ 46.0352][ 43.8433][ 43.1594][ 43.8674][ 46.0798][  50.156][ 56.7472][ 66.8023][ 81.2928][     100]
[     100][  87.079][ 76.1273][  67.784][ 61.8927][ 58.0576][ 55.9172][ 55.2391][ 55.9434][ 58.1062][  61.956][ 67.8515][ 76.1862][ 87.1154][     100]
[     100][ 90.9525][ 82.9337][ 76.4765][ 71.6835][ 68.4412][ 66.5852][ 65.9903][ 66.6103][ 68.4877][ 71.7442][ 76.5411][ 82.9902][ 90.9874][     100]
[     100][ 93.8186][ 88.2111][ 83.5459][  79.971][  77.489][ 76.0427][ 75.5754][ 76.0638][ 77.5282][ 80.0221][ 83.6004][ 88.2586][  93.848][     100]
[     100][  96.128][ 92.5718][ 89.5576][ 87.2027][ 85.5406][ 84.5608][ 84.2425][ 84.5759][ 85.5685][  87.239][ 89.5963][ 92.6057][ 96.1489][     100]
[     100][ 98.1327][ 96.4072][ 94.9306][  93.765][ 92.9349][ 92.4423][ 92.2817][ 92.4499][ 92.9491][ 93.7835][ 94.9503][ 96.4245][ 98.1433][     100]
[     100][     100][     100][     100][     100][     100][     100][     100][     100][     100][     100][     100][     100][     100][     100]
One Processor: 
Threshold Level: 0.01
Final Dynamic Range to Break: 0.00963525
Iteration Count: 67
Ticks: 19784
Seconds: 0.019784s
