P3
15 15
255
0 0 255 0 0 255 0 0 255 0 0 255 0 0 255 0 0 255 0 0 255 0 0 255 0 0 255 0 0 255 0 0 255 0 0 255 0 0 255 0 0 255 0 0 255 
255 0 0 6 255 0 0 255 189 0 232 255 0 187 255 0 163 255 0 151 255 0 147 255 0 151 255 0 163 255 0 187 255 0 232 255 0 255 189 6 255 0 255 0 0 
255 0 0 213 255 0 23 255 0 0 255 90 0 255 157 0 255 197 0 255 217 0 255 223 0 255 217 0 255 197 0 255 157 0 255 90 23 255 0 213 255 0 255 0 0 
255 0 0 255 197 0 160 255 0 52 255 0 0 255 20 0 255 65 0 255 89 0 255 97 0 255 89 0 255 65 0 255 20 52 255 0 160 255 0 255 197 0 255 0 0 
255 0 0 255 140 0 250 255 0 157 255 0 91 255 0 47 255 0 22 255 0 14 255 0 22 255 0 47 255 0 91 255 0 157 255 0 250 255 0 255 140 0 255 0 0 
255 0 0 255 104 0 255 197 0 237 255 0 179 255 0 140 255 0 116 255 0 109 255 0 116 255 0 140 255 0 179 255 0 237 255 0 255 197 0 255 104 0 255 0 0 
255 0 0 255 79 0 255 151 0 255 213 0 249 255 0 216 255 0 195 255 0 189 255 0 195 255 0 216 255 0 250 255 0 255 213 0 255 151 0 255 79 0 255 0 0 
255 0 0 255 60 0 255 117 0 255 165 0 255 204 0 255 232 0 255 249 0 255 255 0 255 249 0 255 232 0 255 204 0 255 165 0 255 117 0 255 60 0 255 0 0 
255 0 0 255 46 0 255 90 0 255 128 0 255 159 0 255 181 0 255 195 0 255 199 0 255 195 0 255 181 0 255 159 0 255 128 0 255 90 0 255 46 0 255 0 0 
255 0 0 255 35 0 255 68 0 255 97 0 255 121 0 255 139 0 255 150 0 255 153 0 255 150 0 255 139 0 255 121 0 255 97 0 255 68 0 255 35 0 255 0 0 
255 0 0 255 26 0 255 50 0 255 72 0 255 90 0 255 104 0 255 112 0 255 115 0 255 112 0 255 104 0 255 90 0 255 72 0 255 50 0 255 26 0 255 0 0 
255 0 0 255 18 0 255 35 0 255 51 0 255 64 0 255 73 0 255 79 0 255 81 0 255 79 0 255 73 0 255 64 0 255 51 0 255 35 0 255 18 0 255 0 0 
255 0 0 255 11 0 255 22 0 255 32 0 255 41 0 255 47 0 255 51 0 255 52 0 255 51 0 255 47 0 255 41 0 255 32 0 255 22 0 255 11 0 255 0 0 
255 0 0 255 5 0 255 11 0 255 16 0 255 20 0 255 23 0 255 24 0 255 25 0 255 24 0 255 23 0 255 20 0 255 16 0 255 11 0 255 5 0 255 0 0 
255 0 0 255 0 0 255 0 0 255 0 0 255 0 0 255 0 0 255 0 0 255 0 0 255 0 0 255 0 0 255 0 0 255 0 0 255 0 0 255 0 0 255 0 0 
