P3
800 800
255
[   0,0,255][   0,0,255][   0,0,255][   0,0,255][   0,0,255][   0,0,255][   0,0,255][   0,0,255][   0,0,255][   0,0,255]
[ 255,0,0][  14,255,0][   0,255,172][   0,255,249][   0,231,255][   0,231,255][   0,255,249][   0,255,172][  14,255,0][ 255,0,0]
[ 255,0,0][ 229,255,0][  56,255,0][   0,255,37][   0,255,77][   0,255,77][   0,255,37][  56,255,0][ 229,255,0][ 255,0,0]
[ 255,0,0][ 255,175,0][ 204,255,0][ 123,255,0][  85,255,0][  85,255,0][ 123,255,0][ 204,255,0][ 255,175,0][ 255,0,0]
[ 255,0,0][ 255,115,0][ 255,208,0][ 240,255,0][ 209,255,0][ 209,255,0][ 240,255,0][ 255,208,0][ 255,115,0][ 255,0,0]
[ 255,0,0][ 255,76,0][ 255,140,0][ 255,185,0][ 255,208,0][ 255,208,0][ 255,185,0][ 255,140,0][ 255,76,0][ 255,0,0]
[ 255,0,0][ 255,49,0][ 255,92,0][ 255,122,0][ 255,138,0][ 255,138,0][ 255,122,0][ 255,92,0][ 255,49,0][ 255,0,0]
[ 255,0,0][ 255,29,0][ 255,55,0][ 255,74,0][ 255,84,0][ 255,84,0][ 255,74,0][ 255,55,0][ 255,29,0][ 255,0,0]
[ 255,0,0][ 255,14,0][ 255,26,0][ 255,35,0][ 255,39,0][ 255,39,0][ 255,35,0][ 255,26,0][ 255,14,0][ 255,0,0]
[ 255,0,0][ 255,0,0][ 255,0,0][ 255,0,0][ 255,0,0][ 255,0,0][ 255,0,0][ 255,0,0][ 255,0,0][ 255,0,0]
